1524384055 841.704 0.0462443 0.0609841 0.0870271 0.162672 0.0283457 -1.16056 0.0280185
1524385055 841.702 0.0462443 0.0701428 0.0870271 0.16344 0.0283457 -1.16093 0.0280185
1524386055 841.703 0.0462443 0.0726564 0.0870271 0.164441 0.0283457 -1.16129 0.0280185
1524387055 841.708 0.0542016 0.0746486 0.0890513 0.164884 0.0287368 -1.16166 0.0295633
1524388055 841.709 0.0542016 0.0796048 0.0890513 0.165596 0.0287368 -1.16202 0.0295633
1524389055 841.708 0.0542016 0.0813284 0.0890513 0.166507 0.0287368 -1.16239 0.0295633
1524390055 841.711 0.0542016 0.0814222 0.0890513 0.16715 0.0287368 -1.16275 0.0295633
1524391055 841.712 0.0616066 0.0828895 0.0911717 0.16773 0.0291492 -1.16312 0.0311251
1524392055 841.71 0.0616066 0.0832805 0.0911717 0.167598 0.0291492 -1.16349 0.0311251
1524393055 841.706 0.0616066 0.0816693 0.0911717 0.168253 0.0291492 -1.16385 0.0311251
1524394055 841.698 0.0616066 0.0806041 0.0911717 0.169493 0.0291492 -1.16422 0.0311251
1524395055 841.552 0.0681938 0.0768668 0.0932367 0.169732 0.0295539 -1.16458 0.0325989
1524396055 841.549 0.0681938 0.073461 0.0932367 0.170677 0.0295539 -1.16495 0.0325989
1524397055 841.69 0.0681938 0.0719509 0.0932367 0.171625 0.0295539 -1.16531 0.0325989
1524398055 841.688 0.0739817 0.0693323 0.0951811 0.172361 0.0299381 -1.16568 0.0339509
1524399055 841.684 0.0739817 0.0658988 0.0951811 0.17312 0.0299381 -1.16604 0.0339509
1524400055 841.683 0.0739817 0.0590178 0.0951811 0.173549 0.0299381 -1.16641 0.0339509
1524401055 841.682 0.0739817 0.051196 0.0951811 0.174003 0.0299381 -1.16677 0.0339509
1524402055 841.678 0.0790754 0.0384426 0.0969872 0.175249 0.0302982 -1.16714 0.0351808
1524403055 841.678 0.0790754 0.0230104 0.0969872 0.17579 0.0302982 -1.1675 0.0351808
1524404055 841.68 0.0790754 0.00373766 0.0969872 0.176144 0.0302982 -1.16787 0.0351808
1524405055 841.679 0.0835956 -0.0127652 0.0986607 0.177397 0.0306348 -1.16823 0.0363025
1524406055 841.673 0.0835956 -0.0181935 0.0986607 0.178277 0.0306348 -1.1686 0.0363025
1524407055 841.676 0.0835956 -0.00057447 0.0986607 0.178471 0.0306348 -1.16897 0.0363025
1524408055 841.671 0.0835956 0.00367691 0.0986607 0.178084 0.0306348 -1.16933 0.0363025
1524409055 841.672 0.0876542 -0.00136923 0.100218 0.178358 0.0309508 -1.1697 0.0373336
1524410055 841.666 0.0876542 -0.0101334 0.100218 0.179054 0.0309508 -1.17006 0.0373336
1524411055 841.663 0.0876542 -0.0653501 0.100218 0.177248 0.0309508 -1.17043 0.0373336
1524412055 841.658 0.0876542 -0.0360776 0.100218 0.179463 0.0309508 -1.17079 0.0373336
1524413055 841.657 0.0913451 -0.0452755 0.101676 0.179378 0.0312493 -1.17116 0.0382914
1524414055 841.655 0.0913451 -0.0538055 0.101676 0.179669 0.0312493 -1.17152 0.0382914
1524415055 841.648 0.0913451 -0.0600652 0.101676 0.181211 0.0312493 -1.17189 0.0382914
1524416055 841.657 0.0947431 -0.0610113 0.103053 0.180689 0.0315335 -1.17225 0.0391904
1524417055 841.659 0.0947431 -0.0634216 0.103053 0.181165 0.0315335 -1.17262 0.0391904
1524418055 841.663 0.0947431 -0.0632116 0.103053 0.181638 0.0315335 -1.17298 0.0391904
1524419055 841.661 0.0947431 -0.065892 0.103053 0.182366 0.0315335 -1.17335 0.0391904
1524420055 841.664 0.0979052 -0.0689786 0.104364 0.182397 0.0318057 -1.17371 0.0400418
1524421055 841.66 0.0979052 -0.0721569 0.104364 0.182184 0.0318057 -1.17408 0.0400418
1524422055 841.661 0.0979052 -0.0825655 0.104364 0.182595 0.0318057 -1.17445 0.0400418
1524423055 841.662 0.100873 -0.0902889 0.105617 0.182779 0.0320678 -1.17481 0.0408534
1524424055 841.655 0.100873 -0.0966562 0.105617 0.183438 0.0320678 -1.17518 0.0408534
1524425055 841.656 0.100873 -0.102836 0.105617 0.184303 0.0320678 -1.17554 0.0408534
1524426055 841.652 0.100873 -0.108895 0.105617 0.185111 0.0320678 -1.17591 0.0408534
1524427055 841.653 0.103674 -0.118346 0.106821 0.186335 0.0323207 -1.17627 0.0416304
1524428055 841.648 0.103674 -0.125125 0.106821 0.187014 0.0323207 -1.17664 0.0416304
1524429055 841.646 0.103674 -0.13016 0.106821 0.187377 0.0323207 -1.177 0.0416304
1524430055 841.64 0.103674 -0.139953 0.106821 0.187604 0.0323207 -1.17737 0.0416304
1524431055 841.636 0.106327 -0.147664 0.107979 0.189011 0.032565 -1.17773 0.0423753
1524432055 841.637 0.106327 -0.155209 0.107979 0.189875 0.032565 -1.1781 0.0423753
1524433055 841.635 0.106327 -0.163949 0.107979 0.190867 0.032565 -1.17846 0.0423753
1524434055 841.631 0.108843 -0.169045 0.109092 0.191083 0.0328006 -1.17883 0.0430889
1524435055 841.629 0.108843 -0.173428 0.109092 0.191525 0.0328006 -1.17919 0.0430889
1524436055 841.625 0.108843 -0.176272 0.109092 0.192967 0.0328006 -1.17956 0.0430889
1524437055 841.622 0.108843 -0.177408 0.109092 0.193791 0.0328006 -1.17993 0.0430889
1524438055 841.624 0.111226 -0.176689 0.110159 0.194075 0.0330272 -1.18029 0.0437708
1524439055 841.618 0.111226 -0.176245 0.110159 0.194575 0.0330272 -1.18066 0.0437708
1524440055 841.616 0.111226 -0.176127 0.110159 0.195307 0.0330272 -1.18102 0.0437708
1524441055 841.613 0.113477 -0.17553 0.111178 0.195939 0.0332442 -1.18139 0.0444195
1524442055 841.609 0.113477 -0.171871 0.111178 0.19661 0.0332442 -1.18175 0.0444195
1524443055 841.614 0.113477 -0.16672 0.111178 0.197735 0.0332442 -1.18212 0.0444195
1524444055 841.608 0.113477 -0.159082 0.111178 0.198018 0.0332442 -1.18248 0.0444195
1524445055 841.607 0.115595 -0.151745 0.112147 0.198328 0.033451 -1.18285 0.0450335
1524446055 841.578 0.115595 -0.137957 0.112147 0.199279 0.033451 -1.18321 0.0450335
1524447055 841.527 0.115595 -0.119119 0.112147 0.200566 0.033451 -1.18358 0.0450335
1524448055 841.521 0.115595 -0.103216 0.112147 0.200828 0.033451 -1.18394 0.0450335
1524449055 841.517 0.117578 -0.0959963 0.113063 0.201663 0.0336468 -1.18431 0.0456107
1524450055 841.511 0.117578 -0.0882334 0.113063 0.202432 0.0336468 -1.18467 0.0456107
1524451055 841.509 0.117578 -0.0809263 0.113063 0.202782 0.0336468 -1.18504 0.0456107
1524452055 841.507 0.119423 -0.0716026 0.113921 0.203687 0.0338311 -1.18541 0.0461496
1524453055 841.504 0.119423 -0.0627964 0.113921 0.204127 0.0338311 -1.18577 0.0461496
1524454055 841.499 0.119423 -0.0518623 0.113921 0.204864 0.0338311 -1.18614 0.0461496
1524455055 841.497 0.119423 -0.0450176 0.113921 0.206453 0.0338311 -1.1865 0.0461496
1524456055 841.491 0.121128 -0.0350904 0.114721 0.207752 0.0340032 -1.18687 0.0466488
1524457055 841.489 0.121128 -0.0262052 0.114721 0.208449 0.0340032 -1.18723 0.0466488
1524458055 841.487 0.121128 -0.0180319 0.114721 0.208998 0.0340032 -1.1876 0.0466488
1524459055 841.482 0.122692 -0.00916737 0.115459 0.209427 0.0341629 -1.18796 0.0471075
1524460055 841.48 0.122692 0.00134829 0.115459 0.210084 0.0341629 -1.18833 0.0471075
1524461055 841.477 0.122692 0.00913075 0.115459 0.21123 0.0341629 -1.18869 0.0471075
1524462055 841.472 0.122692 0.0195916 0.115459 0.211792 0.0341629 -1.18906 0.0471075
1524463055 841.47 0.124116 0.0270566 0.116136 0.212751 0.03431 -1.18942 0.0475254
1524464055 841.463 0.124116 0.0336946 0.116136 0.213057 0.03431 -1.18979 0.0475254
1524465055 841.463 0.124116 0.0378513 0.116136 0.214307 0.03431 -1.19015 0.0475254
1524466055 841.458 0.124116 0.0374391 0.116136 0.215038 0.03431 -1.19052 0.0475254
1524467055 841.457 0.125401 0.0398847 0.11675 0.215237 0.0344444 -1.19089 0.0479028
1524468055 841.45 0.125401 0.0399848 0.11675 0.215886 0.0344444 -1.19125 0.0479028
1524469055 841.447 0.125401 0.0405106 0.11675 0.217311 0.0344444 -1.19162 0.0479028
1524470055 841.447 0.12655 0.0445469 0.117303 0.217547 0.0345663 -1.19198 0.0482405
1524471055 841.446 0.12655 0.0465877 0.117303 0.219201 0.0345663 -1.19235 0.0482405
1524472055 841.443 0.12655 0.0474186 0.117303 0.220426 0.0345663 -1.19271 0.0482405
1524473055 841.438 0.12655 0.0496049 0.117303 0.221046 0.0345663 -1.19308 0.0482405
1524474055 841.439 0.127569 0.0529735 0.117795 0.221075 0.0346761 -1.19344 0.0485399
1524475055 841.433 0.127569 0.0539859 0.117795 0.221618 0.0346761 -1.19381 0.0485399
1524476055 841.429 0.127569 0.0544151 0.117795 0.222637 0.0346761 -1.19417 0.0485399
1524477055 841.426 0.128463 0.0532999 0.11823 0.223279 0.0347741 -1.19454 0.0488027
1524478055 841.416 0.128463 0.0554694 0.11823 0.22439 0.0347741 -1.1949 0.0488027
1524479055 841.418 0.128463 0.061419 0.11823 0.225082 0.0347741 -1.19527 0.0488027
1524480055 841.415 0.128463 0.0665577 0.11823 0.225435 0.0347741 -1.19563 0.0488027
1524481055 841.418 0.129239 0.0714061 0.118609 0.22605 0.0348609 -1.196 0.0490309
1524482055 841.412 0.129239 0.073014 0.118609 0.226389 0.0348609 -1.19637 0.0490309
1524483055 841.407 0.129239 0.0763306 0.118609 0.226721 0.0348609 -1.19673 0.0490309
1524484055 841.406 0.129239 0.0788349 0.118609 0.227458 0.0348609 -1.1971 0.0490309
1524485055 841.397 0.129904 0.0815192 0.118935 0.227888 0.034937 -1.19746 0.0492266
1524486055 841.398 0.129904 0.0821654 0.118935 0.228612 0.034937 -1.19783 0.0492266
1524487055 841.396 0.129904 0.0832605 0.118935 0.228895 0.034937 -1.19819 0.0492266
1524488055 841.388 0.130465 0.0831013 0.119212 0.229665 0.0350031 -1.19856 0.0493923
1524489055 841.392 0.130465 0.0827761 0.119212 0.230515 0.0350031 -1.19892 0.0493923
1524490055 841.392 0.130465 0.0833303 0.119212 0.231136 0.0350031 -1.19929 0.0493923
1524491055 841.392 0.130465 0.0854355 0.119212 0.231538 0.0350031 -1.19965 0.0493923
1524492055 841.381 0.130929 0.0898953 0.119443 0.231937 0.0350597 -1.20002 0.0495301
1524493055 841.37 0.130929 0.108527 0.119443 0.231724 0.0350597 -1.20038 0.0495301
1524494055 841.366 0.130929 0.118702 0.119443 0.232278 0.0350597 -1.20075 0.0495301
1524495055 841.365 0.131304 0.115487 0.11963 0.23338 0.0351073 -1.20111 0.0496422
1524496055 841.362 0.131304 0.110123 0.11963 0.234292 0.0351073 -1.20148 0.0496422
1524497055 841.358 0.131304 0.0998777 0.11963 0.23528 0.0351073 -1.20185 0.0496422
1524498055 841.354 0.131304 0.0884417 0.11963 0.235232 0.0351073 -1.20221 0.0496422
1524499055 841.356 0.131596 0.0726289 0.119777 0.235557 0.0351465 -1.20258 0.0497304
1524500055 841.347 0.131596 0.0555778 0.119777 0.236154 0.0351465 -1.20294 0.0497304
1524501055 841.341 0.131596 0.0290761 0.119777 0.236522 0.0351465 -1.20331 0.0497304
1524502055 841.343 0.131596 0.0173851 0.119777 0.23762 0.0351465 -1.20367 0.0497304
1524503055 841.352 0.13181 0.000238018 0.119886 0.2381 0.0351776 -1.20404 0.0497965
1524504055 841.355 0.13181 -0.0145253 0.119886 0.238772 0.0351776 -1.2044 0.0497965
1524505055 841.359 0.13181 -0.0320645 0.119886 0.239494 0.0351776 -1.20477 0.0497965
1524506055 841.36 0.131951 -0.0543263 0.119959 0.24037 0.0352009 -1.20513 0.0498415
1524507055 841.36 0.131951 -0.0767571 0.119959 0.241246 0.0352009 -1.2055 0.0498415
1524508055 841.359 0.131951 -0.0977016 0.119959 0.241867 0.0352009 -1.20586 0.0498415
1524509055 841.35 0.131951 -0.117368 0.119959 0.242636 0.0352009 -1.20623 0.0498415
1524510055 841.309 0.13202 -0.135161 0.119996 0.244097 0.0352164 -1.20659 0.0498663
1524511055 841.312 0.13202 -0.149003 0.119996 0.245153 0.0352164 -1.20696 0.0498663
1524512055 841.309 0.13202 -0.159201 0.119996 0.246111 0.0352164 -1.20733 0.0498663
1524513055 841.313 0.132019 -0.166193 0.119998 0.246523 0.0352243 -1.20769 0.0498712
1524514055 841.323 0.132019 -0.175874 0.119998 0.247467 0.0352243 -1.20806 0.0498712
1524515055 841.326 0.132019 -0.189511 0.119998 0.247978 0.0352243 -1.20842 0.0498712
1524516055 841.327 0.132019 -0.204722 0.119998 0.249373 0.0352243 -1.20879 0.0498712
1524517055 841.327 0.131948 -0.217678 0.119965 0.250333 0.0352243 -1.20915 0.049856
1524518055 841.329 0.131948 -0.229181 0.119965 0.251902 0.0352243 -1.20952 0.049856
1524519055 841.33 0.131948 -0.238678 0.119965 0.253145 0.0352243 -1.20988 0.049856
1524520055 841.33 0.131948 -0.245875 0.119965 0.253822 0.0352243 -1.21025 0.049856
1524521055 841.33 0.131805 -0.253531 0.119895 0.254599 0.0352163 -1.21061 0.0498203
1524522055 841.33 0.131805 -0.261188 0.119895 0.255654 0.0352163 -1.21098 0.0498203
1524523055 841.329 0.131805 -0.266629 0.119895 0.256864 0.0352163 -1.21134 0.0498203
1524524055 841.326 0.131587 -0.269109 0.119789 0.258339 0.0352 -1.21171 0.0497629
1524525055 841.33 0.131587 -0.268295 0.119789 0.259176 0.0352 -1.21207 0.0497629
1524526055 841.33 0.131587 -0.268049 0.119789 0.259742 0.0352 -1.21244 0.0497629
1524527055 841.334 0.131587 -0.265615 0.119789 0.260723 0.0352 -1.21281 0.0497629
1524528055 841.339 0.131289 -0.263679 0.119642 0.261874 0.0351749 -1.21317 0.0496827
1524529055 841.339 0.131289 -0.258328 0.119642 0.262216 0.0351749 -1.21354 0.0496827
1524530055 841.338 0.131289 -0.249525 0.119642 0.263379 0.0351749 -1.2139 0.0496827
1524531055 841.338 0.130907 -0.237661 0.119453 0.264289 0.0351406 -1.21427 0.0495778
1524532055 841.34 0.130907 -0.222914 0.119453 0.265761 0.0351406 -1.21463 0.0495778
1524533055 841.339 0.130907 -0.21133 0.119453 0.267226 0.0351406 -1.215 0.0495778
1524534055 841.338 0.130907 -0.202296 0.119453 0.268017 0.0351406 -1.21536 0.0495778
1524535055 841.337 0.130432 -0.188164 0.119219 0.268817 0.0350965 -1.21573 0.0494464
1524536055 841.333 0.130432 -0.171055 0.119219 0.269883 0.0350965 -1.21609 0.0494464
1524537055 841.332 0.130432 -0.157293 0.119219 0.270845 0.0350965 -1.21646 0.0494464
1524538055 841.331 0.130432 -0.140239 0.119219 0.271947 0.0350965 -1.21682 0.0494464
1524539055 841.324 0.129859 -0.122528 0.118936 0.272952 0.0350422 -1.21719 0.0492866
1524540055 841.326 0.129859 -0.107737 0.118936 0.273826 0.0350422 -1.21755 0.0492866
1524541055 841.324 0.129859 -0.0921146 0.118936 0.275149 0.0350422 -1.21792 0.0492866
1524542055 841.322 0.12918 -0.0750299 0.118602 0.275916 0.0349771 -1.21829 0.0490961
1524543055 841.317 0.12918 -0.0623659 0.118602 0.27727 0.0349771 -1.21865 0.0490961
1524544055 841.274 0.12918 -0.0520983 0.118602 0.279062 0.0349771 -1.21902 0.0490961
1524545055 841.248 0.12918 -0.0397298 0.118602 0.280753 0.0349771 -1.21938 0.0490961
1524546055 841.243 0.128388 -0.0229312 0.118214 0.282106 0.0349009 -1.21975 0.0488731
1524547055 841.236 0.128388 -0.0110296 0.118214 0.282782 0.0349009 -1.22011 0.0488731
1524548055 841.232 0.128388 -0.00190141 0.118214 0.283751 0.0349009 -1.22048 0.0488731
1524549055 841.232 0.127476 0.0087763 0.117769 0.284755 0.0348132 -1.22084 0.0486156
1524550055 841.224 0.127476 0.0187388 0.117769 0.285685 0.0348132 -1.22121 0.0486156
1524551055 841.221 0.127476 0.0294002 0.117769 0.286793 0.0348132 -1.22157 0.0486156
1524552055 841.219 0.127476 0.0388369 0.117769 0.287757 0.0348132 -1.22194 0.0486156
1524553055 841.215 0.126436 0.0451075 0.117265 0.288559 0.0347136 -1.2223 0.0483222
1524554055 841.211 0.126436 0.0505956 0.117265 0.289305 0.0347136 -1.22267 0.0483222
1524555055 841.208 0.126436 0.0581669 0.117265 0.290651 0.0347136 -1.22303 0.0483222
1524556055 841.205 0.126436 0.0646589 0.117265 0.291668 0.0347136 -1.2234 0.0483222
1524557055 841.205 0.125265 0.0678036 0.1167 0.292786 0.0346021 -1.22377 0.0479914
1524558055 841.202 0.125265 0.0688857 0.1167 0.294022 0.0346021 -1.22413 0.0479914
1524559055 841.187 0.125265 0.0743428 0.1167 0.294891 0.0346021 -1.2245 0.0479914
1524560055 841.189 0.123958 0.0801492 0.116074 0.29598 0.0344786 -1.22486 0.0476225
1524561055 841.186 0.123958 0.0841565 0.116074 0.296323 0.0344786 -1.22523 0.0476225
1524562055 841.183 0.123958 0.0853115 0.116074 0.297042 0.0344786 -1.22559 0.0476225
1524563055 841.176 0.123958 0.0894868 0.116074 0.29796 0.0344786 -1.22596 0.0476225
1524564055 841.177 0.122512 0.0946144 0.115386 0.298459 0.0343433 -1.22632 0.0472151
1524565055 841.174 0.122512 0.0989219 0.115386 0.299081 0.0343433 -1.22669 0.0472151
1524566055 841.168 0.122512 0.103168 0.115386 0.300289 0.0343433 -1.22705 0.0472151
1524567055 841.165 0.120926 0.104748 0.114638 0.301855 0.0341963 -1.22742 0.0467693
1524568055 841.16 0.120926 0.105999 0.114638 0.302183 0.0341963 -1.22778 0.0467693
1524569055 841.157 0.120926 0.109197 0.114638 0.302764 0.0341963 -1.22815 0.0467693
1524570055 841.152 0.120926 0.111312 0.114638 0.303681 0.0341963 -1.22851 0.0467693
1524571055 841.149 0.119199 0.115478 0.11383 0.304326 0.0340381 -1.22888 0.0462855
1524572055 841.136 0.119199 0.121352 0.11383 0.30492 0.0340381 -1.22925 0.0462855
1524573055 841.134 0.119199 0.124349 0.11383 0.306289 0.0340381 -1.22961 0.0462855
1524574055 841.139 0.119199 0.123667 0.11383 0.307335 0.0340381 -1.22998 0.0462855
1524575055 841.13 0.117335 0.124826 0.112966 0.308188 0.033869 -1.23034 0.0457647
1524576055 841.133 0.117335 0.126427 0.112966 0.308815 0.033869 -1.23071 0.0457647
1524577055 841.128 0.117335 0.125255 0.112966 0.309988 0.033869 -1.23107 0.0457647
1524578055 841.125 0.115333 0.120387 0.112048 0.311567 0.0336896 -1.23144 0.0452083
1524579055 841.12 0.115333 0.112531 0.112048 0.312098 0.0336896 -1.2318 0.0452083
1524580055 841.115 0.115333 0.101428 0.112048 0.312348 0.0336896 -1.23217 0.0452083
1524581055 841.112 0.115333 0.0895163 0.112048 0.312742 0.0336896 -1.23253 0.0452083
1524582055 841.104 0.113199 0.071563 0.11108 0.31564 0.0335003 -1.2329 0.0446176
1524583055 841.085 0.113199 0.0538255 0.11108 0.316218 0.0335003 -1.23326 0.0446176
1524584055 841.055 0.113199 0.0384967 0.11108 0.317572 0.0335003 -1.23363 0.0446176
1524585055 841.05 0.110933 0.0212598 0.110063 0.318573 0.0333017 -1.23399 0.043994
1524586055 841.047 0.110933 0.00364529 0.110063 0.318525 0.0333017 -1.23436 0.043994
1524587055 841.042 0.110933 -0.0147467 0.110063 0.319684 0.0333017 -1.23473 0.043994
1524588055 841.041 0.110933 -0.0330722 0.110063 0.320039 0.0333017 -1.23509 0.043994
1524589055 841.047 0.108538 -0.0503823 0.109001 0.32113 0.033094 -1.23546 0.0433388
1524590055 841.053 0.108538 -0.0687019 0.109001 0.322054 0.033094 -1.23582 0.0433388
1524591055 841.055 0.108538 -0.0847707 0.109001 0.323536 0.033094 -1.23619 0.0433388
1524592055 841.063 0.108538 -0.0974064 0.109001 0.325839 0.033094 -1.23655 0.0433388
1524593055 841.068 0.106013 -0.113727 0.107896 0.327474 0.0328775 -1.23692 0.0426524
1524594055 841.071 0.106013 -0.133349 0.107896 0.329172 0.0328775 -1.23728 0.0426524
1524595055 841.073 0.106013 -0.150882 0.107896 0.330664 0.0328775 -1.23765 0.0426524
1524596055 841.074 0.103352 -0.169111 0.106747 0.332743 0.0326522 -1.23801 0.0419347
1524597055 841.077 0.103352 -0.18345 0.106747 0.33476 0.0326522 -1.23838 0.0419347
1524598055 841.087 0.103352 -0.197595 0.106747 0.336893 0.0326522 -1.23874 0.0419347
1524599055 841.085 0.103352 -0.211129 0.106747 0.338311 0.0326522 -1.23911 0.0419347
1524600055 841.085 0.100545 -0.222201 0.105554 0.339933 0.0324175 -1.23947 0.0411842
1524601055 841.088 0.100545 -0.231025 0.105554 0.3406 0.0324175 -1.23984 0.0411842
1524602055 841.086 0.100545 -0.241463 0.105554 0.342416 0.0324175 -1.24021 0.0411842
1524603055 841.047 0.0975723 -0.257999 0.104311 0.345153 0.0321729 -1.24057 0.0403974
1524604055 841.042 0.0975723 -0.269039 0.104311 0.347241 0.0321729 -1.24094 0.0403974
1524605055 841.041 0.0975723 -0.279658 0.104311 0.348244 0.0321729 -1.2413 0.0403974
1524606055 841.037 0.0975723 -0.28837 0.104311 0.349864 0.0321729 -1.24167 0.0403974
1524607055 841.037 0.0944067 -0.295697 0.103011 0.351178 0.031917 -1.24203 0.0395693
1524608055 841.039 0.0944067 -0.302406 0.103011 0.352904 0.031917 -1.2424 0.0395693
1524609055 841.039 0.0944067 -0.308046 0.103011 0.354991 0.031917 -1.24276 0.0395693
1524610055 841.035 0.0944067 -0.310682 0.103011 0.356876 0.031917 -1.24313 0.0395693
1524611055 841.035 0.0910064 -0.314243 0.101644 0.358296 0.0316485 -1.24349 0.0386921
1524612055 841.037 0.0910064 -0.31221 0.101644 0.359749 0.0316485 -1.24386 0.0386921
1524613055 841.036 0.0910064 -0.308765 0.101644 0.360709 0.0316485 -1.24422 0.0386921
1524614055 841.039 0.087315 -0.306646 0.100196 0.362522 0.0313653 -1.24459 0.0377554
1524615055 841.04 0.087315 -0.302076 0.100196 0.364188 0.0313653 -1.24495 0.0377554
1524616055 841.042 0.087315 -0.293963 0.100196 0.365934 0.0313653 -1.24532 0.0377554
1524617055 841.042 0.087315 -0.280959 0.100196 0.367195 0.0313653 -1.24569 0.0377554
1524618055 841.05 0.0832591 -0.263388 0.0986499 0.368185 0.0310653 -1.24605 0.0367466
1524619055 841.032 0.0832591 -0.249515 0.0986499 0.369497 0.0310653 -1.24642 0.0367466
1524620055 840.984 0.0832591 -0.235273 0.0986499 0.371825 0.0310653 -1.24678 0.0367466
1524621055 840.976 0.0787467 -0.214613 0.0969893 0.372691 0.030746 -1.24715 0.035651
1524622055 840.981 0.0787467 -0.193409 0.0969893 0.373836 0.030746 -1.24751 0.035651
1524623055 840.978 0.0787467 -0.171447 0.0969893 0.3751 0.030746 -1.24788 0.035651
1524624055 840.981 0.0787467 -0.147975 0.0969893 0.376624 0.030746 -1.24824 0.035651
1524625055 840.966 0.0736697 -0.124275 0.0952001 0.377971 0.0304058 -1.24861 0.0344539
1524626055 840.969 0.0736697 -0.0990015 0.0952001 0.379196 0.0304058 -1.24897 0.0344539
1524627055 840.966 0.0736697 -0.0728008 0.0952001 0.379828 0.0304058 -1.24934 0.0344539
1524628055 840.957 0.0736697 -0.0439334 0.0952001 0.381825 0.0304058 -1.2497 0.0344539
1524629055 840.953 0.067912 -0.0221758 0.0932785 0.383219 0.0300437 -1.25007 0.0331437
1524630055 840.948 0.067912 0.00157455 0.0932785 0.384603 0.0300437 -1.25043 0.0331437
1524631055 840.941 0.067912 0.0223872 0.0932785 0.385499 0.0300437 -1.2508 0.0331437
1524632055 840.933 0.0613753 0.0414987 0.0912434 0.387198 0.0296612 -1.25117 0.0317195
1524633055 840.927 0.0613753 0.0619141 0.0912434 0.388311 0.0296612 -1.25153 0.0317195
1524634055 840.923 0.0613753 0.0824697 0.0912434 0.388729 0.0296612 -1.2519 0.0317195
1524635055 840.918 0.0613753 0.10039 0.0912434 0.390314 0.0296612 -1.25226 0.0317195
1524636055 840.912 0.0540478 0.116112 0.0891571 0.391309 0.0292635 -1.25263 0.0302038
1524637055 840.903 0.0540478 0.145164 0.0891571 0.391907 0.0292635 -1.25299 0.0302038
1524638055 840.894 0.0540478 0.179116 0.0891571 0.392191 0.0292635 -1.25336 0.0302038
1524639055 840.889 0.0461951 0.20287 0.0871593 0.392466 0.0288623 -1.25372 0.0286673
1524640055 840.882 0.0461951 0.21876 0.0871593 0.393318 0.0288623 -1.25409 0.0286673
