,m1,m2,m3,m4,m5,m6
1524384055,52009.72219541659,1.930630363543292,9.39000842572217,18.153372443993803,-54.914197492665515,99.2211300315179
1524385055,52009.68445185226,2.210579668234209,9.356241317657016,18.244408774887606,-54.88690128967836,99.16966759262348
1524386055,52009.50756953661,2.352366094486115,9.410590563758289,18.2511240308896,-54.83183977308742,99.29851278703751
1524387055,52009.961826923776,2.3627552869620003,9.42376990192818,18.22752319776025,-55.217919686271955,99.31325749568815
1524388055,52009.943978551426,2.5530389834211795,9.416335893270013,18.29125298741921,-55.063210298763025,99.43807034968886
1524389055,52010.001382025206,2.7735429991796816,9.511515348440362,18.36184020942804,-54.87907861454235,99.10125007180493
1524390055,52010.126189335046,2.779359694329999,9.551715215962197,18.34310619366262,-54.935758512922966,99.1024570936859
1524391055,52010.21474083236,2.9747509872563773,9.601093120697644,18.357442605219426,-54.763038308551174,98.90164343459053
1524392055,52010.09962258339,2.8664099773794636,9.588906795535097,18.37029088672813,-54.86522018934667,99.02061489813742
1524393055,52009.76276645074,2.6748660971244616,9.595864234551577,18.31238628748192,-55.02679440731003,99.08279879091434
1524394055,52009.332768270106,2.8159762899639493,9.712132027760347,18.298699240104057,-55.09444684271,98.89777746357403
1524395055,51998.519055747136,2.4568767280994708,9.720915400930242,18.301664071992985,-55.29292749951417,99.10091733010697
1524396055,52009.11008505861,2.3699201124340084,9.786762061213986,18.302889290512503,-55.308139879454046,99.25087399586789
1524397055,52008.849577959336,2.29108810521366,9.868368889111014,18.274077661439573,-55.42779380584757,98.84951158292226
1524398055,52008.698002096855,2.133055226588542,9.875269854331977,18.29500857151355,-55.39616295296992,98.78184944998215
1524399055,52008.52606611111,1.9337662225945829,9.920959141233148,18.31127134813057,-55.25953700234957,98.91088131402365
1524400055,52008.481245094685,1.699267330617853,10.017778053042115,18.249232647315775,-55.437489760133694,98.79253257396391
1524401055,52008.38900440076,1.3883331509392973,10.024855717096441,18.19274886262834,-55.29647697096337,98.74660706576005
1524402055,52008.185629314205,0.8374677740009095,10.170656741888449,18.14840444195339,-55.15302447073176,98.47825818658977
1524403055,52008.19963468204,0.1377928245854744,10.250030890729466,18.069592340914966,-55.209271241458566,98.5385577637036
1524404055,52008.220598241234,-0.7007448978163792,10.363955404749271,17.939874139492098,-55.46565757475472,98.30310488186889
1524405055,52008.340853566704,-1.3760344172382297,10.531506276677161,17.839307781277174,-55.53548609810688,98.0020866203476
1524406055,52008.01837853044,-1.6639339560295234,10.58072724692798,17.821491871230737,-55.388585289817534,98.31472614292038
1524407055,52008.08566142346,-0.8529010690263451,10.508257777328643,17.950801773238748,-55.19301712482069,98.35591083644339
1524408055,52007.6648183019,-0.6632959582784906,10.475452567188032,17.933369635835952,-55.45333576457831,98.2181968356994
1524409055,52007.770930562045,-0.7879925325284097,10.511440982048697,17.890311967043086,-55.367884229565206,98.15830595187602
1524410055,52007.39226792831,-1.381999731890442,10.549280412244505,17.842451545144336,-55.48210510397745,98.1757682996028
1524411055,52007.16538807641,-4.1177443871226815,10.468111851001332,16.960784560051582,-52.98805664693586,95.20370445808803
1524412055,52006.881092490046,-2.4374779673757327,10.672543468561004,17.69800237947173,-55.42386530530415,97.85796797546746
1524413055,52006.908772836505,-2.833454543881605,10.711515056330002,17.64682306124547,-55.58876756422756,97.81931459569256
1524414055,52006.75545619548,-3.1020602645751802,10.795213521607144,17.627296557873315,-55.448138749285256,97.74245689412074
1524415055,52006.255124151,-3.5585570466669196,10.807948964741623,17.614163051908097,-55.47643496451055,98.07795929321102
1524416055,52006.84599995069,-3.324898771572642,10.864519563686182,17.579759706230305,-55.473806348191665,97.49250107547567
1524417055,52006.99636878373,-3.2639594945416928,10.95478123372355,17.605626591710646,-55.28096680142636,97.45783468719112
1524418055,52007.0524977983,-3.5037933379898023,10.91711236315457,17.6023507453977,-55.39533141863364,97.46491927742758
1524419055,52007.0993894514,-3.4591622611608197,10.997159937378083,17.60696182251221,-55.34216678794598,97.25578856829902
1524420055,52007.141519393335,-3.556251293306223,11.04677364313334,17.576111558906554,-55.53577449905197,97.48970868466394
1524421055,52006.91085614169,-3.827976622468345,11.016272611080328,17.566095630477648,-55.52924011557604,97.11173759450924
1524422055,52007.16213052341,-4.165965229023437,11.066718197442668,17.511516851043517,-55.38770712831121,96.92571859132586
1524423055,52007.13877972802,-4.471356173127626,11.151109221327179,17.519810282164283,-55.31593540628732,97.09249366397647
1524424055,52006.55887201658,-4.908529216424861,11.183308350106381,17.468241937969015,-55.507233571387665,97.16502327388103
1524425055,52006.65264373528,-5.067538991368221,11.289906940280087,17.47281980856971,-55.443395987094874,96.80218998696184
1524426055,52006.53554119762,-5.34177899942416,11.356182226141952,17.445956667648048,-55.2396361417474,97.14433392369752
1524427055,52006.46282241949,-5.591078413808817,11.558722747272741,17.424602684463295,-55.32553899678047,96.85635473435076
1524428055,52005.948387966346,-5.919767649740356,11.591808163659408,17.37950476767807,-55.30365240281336,96.74675011213395
1524429055,52006.07545597893,-6.289535863115283,11.641634592486866,17.373739485047462,-55.26984115415106,97.30834573800247
1524430055,52005.52271660771,-6.544650619057564,11.707474584944814,17.32554159391559,-55.140655250385954,96.93330022368391
1524431055,52005.41102428274,-6.9440465790512365,11.802873231129663,17.320148655807568,-54.99936039006508,96.95091388478589
1524432055,52005.54691502096,-7.053663827785032,11.97282798412154,17.281390975917812,-55.00456650276974,96.68306396407796
1524433055,52005.20025811857,-7.382618458609012,12.114994407349034,17.233897721867315,-55.261113687753614,96.52648543458226
1524434055,52005.19308510452,-7.446209943648738,12.16618043812168,17.187498360976846,-55.14703634519949,96.38269175645166
1524435055,52004.921655008766,-7.849050531102284,12.164007154587342,17.153793108284404,-55.33989531013736,96.43252142590732
1524436055,52004.59343036999,-8.001635811698629,12.259836691591712,17.187342477481167,-55.17823214199784,96.74282745972793
1524437055,52004.41933043034,-7.979196573493477,12.320327249739616,17.208255770218884,-55.26281594207764,96.72919066477637
1524438055,52004.63124768103,-7.883160482611862,12.388864414058796,17.25287073810523,-55.11336775657954,96.86308147781386
1524439055,52004.14427546581,-7.914724608786203,12.420379824267815,17.24464887485423,-55.29729593635374,96.96726689776581
1524440055,52004.10228578513,-7.615813854894815,12.496985074617102,17.259989924376526,-55.11128781989367,96.46568459741493
1524441055,52003.93059719863,-7.554369786809962,12.549708698607365,17.279650985828418,-55.12703582829278,96.51359717121045
1524442055,52003.54340068535,-7.526491066093945,12.567908328342453,17.302892006438938,-55.21914370101323,96.39089046442875
1524443055,52003.90196990398,-7.31250029468644,12.611045701319036,17.363198404610234,-55.324445256436874,96.59036277274497
1524444055,52003.59731746318,-7.079775898284278,12.527861652403287,17.438347316613193,-55.25144138812769,96.88666909155064
1524445055,52003.50264299071,-6.555948833645453,12.556201669116623,17.509501709481682,-55.18335873776335,96.64486785443994
1524446055,52001.873145162914,-5.964333577249444,12.554193542985963,17.593768563016077,-55.15703266965811,96.74232547360094
1524447055,51998.65376139638,-5.109239407915592,12.602675959191942,17.730986848769138,-55.24972658203991,97.6098158783975
1524448055,51998.13168642466,-4.581443327075413,12.481122774839891,17.771045893564505,-55.510212270359375,97.51012391713482
1524449055,51998.102048480105,-4.03614160646016,12.537622958002542,17.866854801735,-55.24576263507453,97.58247173907837
1524450055,51997.66901374025,-3.5164850398910303,12.578601803524933,17.917802068808847,-55.108812527972,97.31397973148006
1524451055,51997.63726275556,-3.355700312697594,12.542635037647228,17.96023029364381,-55.322271110194265,97.45754349313474
1524452055,51997.36701458281,-2.93181241508091,12.550401891820512,18.039877898583264,-55.34003335628773,97.524144416644
1524453055,51997.260108231225,-2.4517766697175274,12.54042495264758,18.08574080155392,-55.133590321055856,97.49787040602807
1524454055,51996.976396101374,-2.0715087832201284,12.534046445639605,18.191310688531697,-55.05171082577904,97.6759783035728
1524455055,51996.66507978216,-1.72408155660899,12.607366076134864,18.173161971572515,-55.41794994353685,97.6944604813542
1524456055,51996.405780734145,-1.4119653615917513,12.598069599752336,18.24556328017333,-55.34414963975977,98.07950623253588
1524457055,51996.2789982076,-0.9459194628767642,12.619584710439037,18.34452672541041,-55.45133363539736,98.02841387076623
1524458055,51996.27727839373,-0.5458000572134096,12.655573748144247,18.41348904070208,-55.31177029743219,98.08209491079916
1524459055,51995.76443757098,-0.2953667101652703,12.59536526402564,18.442893604442116,-55.44456459897166,98.01586600072196
1524460055,51995.673651346835,0.3177125307174467,12.621072291063992,18.52705064411465,-55.297296730486515,98.06305200421221
1524461055,51995.46374301362,0.7498426099192632,12.678345388829603,18.563606756387625,-55.36240982034442,98.1694711386264
1524462055,51995.17331469932,1.0820125583245752,12.62857851716999,18.653187448350955,-55.23441758095403,98.3653627682548
1524463055,51995.1347711153,1.3557620818474965,12.645876322215676,18.71144815850204,-55.265556487241085,98.31403184723078
1524464055,51994.48539512324,1.6050564043550644,12.631060489087766,18.748743211385595,-55.397750137331904,98.38720641321508
1524465055,51994.601423732376,1.9685465510091844,12.721082607350235,18.77957810432883,-55.336610074689744,98.42798536579167
1524466055,51994.202761745015,2.1050902737317303,12.77777682659051,18.774991959501676,-55.24913910890987,98.25503603151394
1524467055,51994.33992170319,2.3062722554385067,12.790914602764703,18.813024568330036,-55.16013277088087,98.2971927544856
1524468055,51993.66423712049,2.0058672002240603,12.791318555167148,18.760808224911482,-55.61375441394555,98.26343341833127
1524469055,51993.76351484828,2.2140346112852587,12.878602420437048,18.790297719241867,-55.37434202919827,98.40006305313214
1524470055,51993.62573925065,2.3785742294908916,12.882874399152637,18.807817925305734,-55.41396418727345,98.28814521382368
1524471055,51993.472342989946,2.2818669904164532,12.918117063080654,18.886207566267863,-55.16609776949432,97.96805390072772
1524472055,51993.306514300864,2.2559775734762146,12.970879361861924,18.89854156032754,-55.30658080533349,97.99033572136413
1524473055,51993.03672307592,2.3467071182227732,13.010822788655243,18.911357363131557,-55.15463214195362,97.82540740794613
1524474055,51992.98790545354,2.472264465602287,12.987864751343674,18.903748368044358,-55.1816074800961,97.77843806452458
1524475055,51992.66791032797,2.5705486328828506,13.025420461842264,18.927648806866873,-55.298576951962445,97.86077952672406
1524476055,51992.458375635804,2.60401523036954,13.100884392818916,18.922885962358524,-55.341070603803566,97.60664218931278
1524477055,51992.069858961615,2.3730903495061435,13.113868545524399,18.936849616172797,-55.42678884322856,97.95261033721302
1524478055,51991.98713688052,2.7941156080313148,13.253933613599056,18.981122438205045,-55.41668775584838,97.79592203646348
1524479055,51991.84264433778,2.8493193494369407,13.193931805659512,19.027225326312397,-55.31896952110173,98.12027729593889
1524480055,51991.65175034762,3.0292130429589683,13.186356371732845,19.037868219250516,-55.57781821511738,98.06161075703898
1524481055,51991.743565151584,3.052705468893964,13.167945836458738,19.03112858329788,-55.63980854488327,98.07187712929687
1524482055,51991.3525401163,3.434135049676911,13.22228507662474,19.07101270607192,-55.471756121294476,98.04368908177995
1524483055,51991.00022711288,3.4845623925524354,13.222724930767598,19.100032978933932,-55.5322862568137,98.21150963434066
1524484055,51990.988499673454,3.7616088005253108,13.28965932034139,19.10123231054498,-55.431326546914505,97.91245847298848
1524485055,51990.43248657216,3.8053941353198675,13.303687831379047,19.11804169861094,-55.68873225543749,98.1860056668888
1524486055,51990.507875167146,3.7684960741379956,13.29342535430773,19.106950267742977,-55.573401334570704,98.41853306353121
1524487055,51990.40491631177,3.918749117851798,13.34667192078791,19.09989407084959,-55.74444901569522,98.1888605698344
1524488055,51989.83322576779,4.064106728666598,13.383263579630928,19.113191290693297,-55.42712004592967,98.0296137573706
1524489055,51990.28450944834,3.9283178437325788,13.4292718221588,19.134780684318514,-55.39117074665032,98.29524093911527
1524490055,51990.042438353514,3.83169941847837,13.461017749461671,19.09990207259501,-55.641072168932666,98.31445132613696
1524491055,51990.19143042566,3.976726295316828,13.488809876639655,19.16625131918224,-55.24863712831101,98.34983752055518
1524492055,51989.72709434647,4.0709985052717865,13.473496260025412,19.191357054896628,-55.38315660607785,98.35899153695536
1524493055,51988.7237934504,4.943733996488603,13.333476057008271,19.313135352756266,-55.11470236233175,98.68437090557545
1524494055,51988.54133639703,5.318234811462237,13.346700296195493,19.395101603365863,-55.12456042923132,98.78699330984345
1524495055,51988.481278733496,5.330621458797613,13.486508371183598,19.37257756884784,-55.30824430544865,98.64233394818908
1524496055,51988.23607835483,5.162876160241078,13.534929378297685,19.363621761440303,-55.17718539149909,98.22739943622528
1524497055,51987.99722677136,4.642488857382166,13.641899531830909,19.28082347963861,-55.51424712789724,98.3429169811557
1524498055,51987.81007190005,4.098922874810713,13.647456805017903,19.221215552944606,-55.50420721305722,98.14936869730317
1524499055,51987.92491923027,3.6140977433088994,13.769540385493217,19.105823877752083,-55.556420667153716,98.08587997148473
1524500055,51987.369815794904,2.798946992806787,13.832712500942414,19.044579000051353,-55.45512506690289,97.89706232663626
1524501055,51986.833323008555,2.25401998707494,14.213972204234377,18.792382907859857,-55.88029849184402,97.32111273801658
1524502055,51987.04288174671,1.1602039093790129,14.094602522718338,18.792768895968038,-55.734644626561305,97.46870643437227
1524503055,51987.73417459395,0.6238626982217182,14.191145854327662,18.732060128497707,-55.6613571387286,97.19755229023225
1524504055,51987.796346350224,-0.1400655045734235,14.285319266074248,18.69047265225862,-55.60570743715648,97.18969004898139
1524505055,51987.986583384394,-0.8949390383756383,14.359902720939669,18.54365546704062,-55.81615652236477,96.8504632477173
1524506055,51988.043230588744,-1.8914100916940495,14.519579874148194,18.443757252109037,-55.82383656170821,97.26103346773428
1524507055,51988.08731409177,-2.706333362128809,14.684597653434556,18.310985608435765,-55.79990220086101,96.72518211411601
1524508055,51987.99343240121,-3.551243484255113,14.845213550602596,18.244721397201335,-55.534680476254024,96.75885837623949
1524509055,51987.53549888206,-4.352824206601619,14.947186331689277,18.14494275656059,-55.51817120735313,96.63808664170978
1524510055,51984.92562094458,-5.159533085603187,15.152507233769958,18.034381808242987,-55.68451790130499,96.8432334753232
1524511055,51985.14601405441,-5.566905177635797,15.302267006756916,17.967158002304107,-55.61420769751218,96.589003524944
1524512055,51984.84197340599,-6.068155018333618,15.36411908640502,17.89546957657029,-55.58329882700857,96.71543068659868
1524513055,51985.192113505116,-6.3401540210499965,15.461899977393376,17.87882739634302,-55.50724852222611,96.52068237758441
1524514055,51985.76472594543,-6.744240158982557,15.571884389979799,17.863263637403474,-55.50075525891495,96.80613348351964
1524515055,51985.98042278928,-7.112643942750457,15.711911347527963,17.79296232246205,-55.55545684915713,96.3654359952348
1524516055,51985.86130532544,-7.709929697443249,15.859790196846737,17.72189230255677,-55.72615711540199,96.32484521707778
1524517055,51985.9596377644,-8.195619220325135,15.988239462882246,17.656794307251584,-55.59746716736697,96.33635160165767
1524518055,51986.016464323206,-8.434411548792994,16.185693581768863,17.638531352434587,-55.43677141478724,96.0370425906458
1524519055,51986.17771444277,-8.876596875239414,16.298294121178966,17.585320775903707,-55.54798641834647,96.3046103207046
1524520055,51986.06460546694,-9.236730069710735,16.37846166492482,17.55116340713915,-55.71300107844437,96.208314053214
1524521055,51986.22863630223,-9.404836459744113,16.48662109339263,17.498085723302406,-55.68083370387774,96.06450909093981
1524522055,51986.03719763284,-9.823528336486529,16.531583928985633,17.48471789549979,-55.74466890575973,95.92709509706114
1524523055,51985.93823318566,-10.11296049217989,16.63916775890825,17.47344927079098,-55.75089729964111,96.0055237965539
1524524055,51985.75914228216,-10.110686490860207,16.771299853734373,17.46508233656249,-55.7201276957691,95.93777952330903
1524525055,51986.12219851286,-10.116818038468745,16.786878256057342,17.50450358303515,-55.673148843004746,96.15094228050374
1524526055,51986.00986063811,-10.16876781065968,16.817029666498783,17.52591200432094,-55.99637818068789,96.05118132404847
1524527055,51986.3650638279,-9.687115839910378,16.92301273386484,17.542109188615047,-55.69946287546247,95.68329123196821
1524528055,51986.49834562615,-9.902592198711481,16.930331409761976,17.55276474032248,-55.81266360987183,96.1254659820827
1524529055,51986.52398030918,-9.51663347149789,16.936307076400194,17.646654996497837,-55.91209958399706,95.98113558184704
1524530055,51986.44025127026,-9.13432441096473,16.968973183768778,17.693473548685617,-55.894109522099555,95.90867290381061
1524531055,51986.61498646458,-8.507954523706589,17.012550994896632,17.799267507577436,-55.77249250366541,95.62029092058417
1524532055,51986.644262447095,-8.151672491978426,16.948408296973344,17.98400911544987,-55.80237460496966,95.43843586959063
1524533055,51986.55604538722,-7.769348517889744,16.94690208501427,18.04133628972576,-56.1352739751571,95.52151552662863
1524534055,51986.55206820482,-7.130335070314264,17.050007444621663,18.14182697647443,-56.2637192410959,95.52730221077678
1524535055,51986.37653255057,-6.543694104046497,16.988364048247487,18.207907273781924,-56.28858795536043,95.50604448300567
1524536055,51986.21579333351,-5.826643321229049,16.99410406050818,18.368081994001006,-56.19371751628973,95.54089394567775
1524537055,51986.14022735699,-5.12546369130828,16.958312470870485,18.469905625451077,-55.976535647980555,95.74493229340275
1524538055,51986.08218363834,-4.5982024494919695,16.930863032745183,18.59934883340135,-56.04902893039657,95.90051520595343
1524539055,51985.58452927469,-3.818455483082822,16.886065037157703,18.674647804307806,-56.158788526189234,96.02045441808845
1524540055,51985.72217515527,-3.1752938005359184,16.901970704215515,18.780315298480126,-56.199404919560116,95.86971732764542
1524541055,51985.749030785446,-2.4676040221955393,16.90577110196149,18.91117327350903,-56.237362492559924,96.15232744475975
1524542055,51985.53487059867,-1.8337613503517913,16.861312342739854,19.02928851601462,-56.14294186895902,96.16620684070317
1524543055,51985.06976529898,-1.2600081442436981,16.871140921052653,19.109404131289416,-56.20331722742783,96.08683028803313
1524544055,51982.43061025612,-0.8482125001476031,17.018630773958666,19.1884827388747,-56.3611451913793,96.55929867903295
1524545055,51980.894880431995,-0.3993277306245646,16.963942725234826,19.24193590191667,-56.3269923705219,97.31887080221502
1524546055,51980.58131863868,0.5119478029166658,16.999883324960756,19.371545601565785,-56.10977499557939,97.08889314363603
1524547055,51980.15861699867,0.8544940276023832,16.998563125086456,19.450926495558846,-56.35703140548377,97.39108349214213
1524548055,51979.958903148385,1.373323602034346,17.02905211469442,19.522090709912106,-56.07083110640915,97.22377163194457
1524549055,51979.80120401999,1.72283758710263,17.031104360925863,19.58382189154515,-56.3027831889174,97.20738663934486
1524550055,51979.38187230864,2.386083043410094,17.08009499064297,19.663765643839913,-56.18393780126747,97.10539626380888
1524551055,51979.126524762316,2.7396360628890837,17.074371431004252,19.717610134171426,-56.31458177165131,97.2477069401633
1524552055,51979.07448023607,3.153207387750111,17.094121668009457,19.788017268302475,-56.28489173845953,97.29727732584495
1524553055,51978.768952392704,3.463096460521981,17.07071029900862,19.820008493501955,-56.21142313169488,97.46304636577305
1524554055,51978.57130023641,3.684605386806667,17.13715336944138,19.860798664964094,-56.39626198331545,97.12239483182935
1524555055,51978.424097559095,3.974267125489281,17.17221863448873,19.914986960586365,-56.48491306711873,97.1116297391071
1524556055,51978.20029360379,4.210356936306913,17.212328476760796,19.95204693319167,-56.48220852747552,97.57366758286409
1524557055,51978.13079794552,4.510247747328746,17.24798367632101,19.991294263485216,-56.248601434665254,97.23878623953814
1524558055,51977.99387397493,4.666562728270189,17.35899730487657,20.00784279376994,-56.34555059465317,97.25199333754155
1524559055,51977.24205545245,4.696588763272823,17.333692444741807,20.046821179078865,-56.51496976697775,97.55987782191461
1524560055,51977.25094029251,5.1222275129629855,17.390358920272824,20.116092392349533,-56.29042810834701,97.647238844136
1524561055,51976.9914895137,5.216631843773009,17.382085324237153,20.130074662946765,-56.421888543467695,97.4134372020109
1524562055,51976.76582321262,5.290180793809823,17.437196107991085,20.123580400555944,-56.513265462847286,97.43832646812375
1524563055,51976.471842677434,5.4995979749140185,17.491438633766723,20.20130407082643,-56.310186538048676,97.53374771584143
1524564055,51976.33236648991,5.748061254545362,17.47857586627539,20.225172577517952,-56.24476420929805,97.56109167056367
1524565055,51976.1910533205,5.941746783538433,17.507566780769746,20.30738345044203,-56.244955989821634,97.32325395089065
1524566055,51975.73872425958,5.974878726827187,17.53207557599788,20.26593625600592,-56.51945673794214,97.7285937182804
1524567055,51975.50694769236,6.000964992175487,17.58861258244601,20.306866777522874,-56.27605959968708,97.87845902931517
1524568055,51975.509874807,6.296517555804604,17.644101654126704,20.322240763201957,-56.38062138435843,97.41533280653765
1524569055,51975.08467158699,6.212306565440736,17.647403612206336,20.303030685923225,-56.708291576247575,97.7059982819028
1524570055,51974.71007053371,6.463538683103719,17.691855338824883,20.30883647113698,-56.57630564454424,97.56628786863362
1524571055,51974.649776927545,6.627350748001249,17.72028593802424,20.403006389809992,-56.45473272294195,97.6481600120152
1524572055,51973.969064964076,6.966293387078907,17.740182985531742,20.42643663095069,-56.32212692354657,97.55530175059309
1524573055,51973.471479063395,7.14437049313682,17.80892219179295,20.432171506733166,-56.30408936103729,97.66684438943871
1524574055,51973.988350493666,7.142566770763592,17.85855206986802,20.40942026771842,-56.489333981147674,97.55248591074162
1524575055,51973.34611363277,6.952253410457529,17.86909564996141,20.398640368010305,-56.79515226022957,97.96038581753874
1524576055,51973.609197897786,7.2063386217181185,17.960273927452768,20.4826817504152,-56.53589756059178,97.70588114514939
1524577055,51973.33360222747,7.301793947989487,18.07231766396105,20.46935676968695,-56.57031690398254,97.38956636248535
1524578055,51973.15763983642,7.097231996693366,18.1618096358611,20.424147052903624,-56.57702445514951,97.58482520986695
1524579055,51972.83168069417,6.792434722850989,18.218439206931166,20.413162827331536,-56.650076052208206,97.4887376385874
1524580055,51972.288662450366,6.3313660787461,18.26665529828706,20.329145156357146,-56.66523769417987,97.2487948408318
1524581055,51972.19444901064,5.801190047096255,18.312833415869388,20.288428960354732,-57.09980307410086,97.6128030462364
1524582055,51971.872562604665,5.21980851916421,18.6721031539719,20.496050294462194,-57.30884109009472,96.32214200795659
1524583055,51970.732091052145,4.5550580495485296,18.757819418075638,20.181115056754034,-57.12449163946687,96.88845662126215
1524584055,51968.84411337611,4.137952488227691,18.90598132817685,19.97905685815,-56.520200890792026,96.65309251171166
1524585055,51968.68408361757,3.4016085448426896,19.057728127895064,19.95126640393527,-56.5175742842706,96.74419494289646
1524586055,51968.43635509938,2.3962859680366644,19.088183526883874,19.81624838555061,-56.98868676343993,96.84702515094604
1524587055,51968.047697610564,1.737219675308198,19.25303066199625,19.74604842763241,-56.841313948575284,96.86105269108359
1524588055,51968.046081009445,1.2048342403172987,19.34727931689508,19.62266972806609,-56.8514169597995,96.24210985343812
1524589055,51968.34389760106,0.6380847083745923,19.521150948437693,19.573057190184294,-56.725562071030204,96.01002727000774
1524590055,51968.72115141656,-0.1967252544346997,19.609176640698667,19.473597737711955,-56.810913722267095,95.81489717800468
1524591055,51968.95953267796,-0.9005123393990592,19.778482386909364,19.429265540697106,-56.90328908569717,95.5784603825679
1524592055,51969.262596116874,-1.8611755476029783,19.890431248931762,19.39042028232528,-57.05879639352174,95.40344249248771
1524593055,51969.6962126478,-2.1884463669032685,20.082814375591802,19.32841278584034,-56.846825680466765,94.91419555835544
1524594055,51969.897223008746,-2.9320433490984263,20.307299496548826,19.236831566692857,-56.85916553634494,94.93698067861058
1524595055,51969.798985025824,-3.733125426155127,20.401404899828044,19.133326493806624,-56.997911747278884,94.55038418355606
1524596055,51969.90232093846,-4.534453638055288,20.628050321537017,19.034960521861553,-57.20185098298315,94.69732658457174
1524597055,51970.31687815051,-5.1021723038053555,20.79290215288523,19.029246063634275,-56.98654993420379,94.77742017400075
1524598055,51970.76808951008,-5.730282579696614,21.01853813266958,18.99671382377699,-57.08076656706972,94.49999190478137
1524599055,51970.52475434741,-6.20480928572652,21.168784521897276,18.898015683361674,-57.063720825664596,94.75699646784427
1524600055,51970.758956870945,-6.431424165790815,21.375248309895067,18.873376170203468,-57.15688634663404,94.4064674720207
1524601055,51970.756393596595,-6.819943121608559,21.47250189016819,18.870548438356614,-56.87633411415617,94.06919107703604
1524602055,51970.77054818911,-7.134619295620445,21.65928803288153,18.871689670047044,-56.811333929714316,93.80020878930526
1524603055,51967.98360654964,-7.786770213690569,21.949289607905484,18.71318490455027,-56.8548859001609,94.64181530114011
1524604055,51967.90609837848,-8.546728098532736,22.09133910254081,18.72936071167765,-56.961826924898624,94.76829047884166
1524605055,51967.72531832404,-8.841391422857184,22.184881148646966,18.690233665194253,-57.043096452626074,94.89770009094815
1524606055,51967.54070715577,-9.246778595089507,22.34602837403765,18.685240905828266,-57.08274164670183,94.86503049885941
1524607055,51967.50261903988,-9.546988946516098,22.465911413058816,18.678074516021372,-57.03165039403221,94.91058552342614
1524608055,51967.56952619952,-9.820167825832831,22.607721366945935,18.63428867980785,-57.16463901487096,94.81372416765177
1524609055,51967.553957350945,-10.026888957342878,22.770489003027656,18.643767604502212,-57.12849318707137,95.02432946402094
1524610055,51967.47201040767,-10.07782479292473,22.891021207566578,18.690432064447478,-56.93547163647755,94.87930982539876
1524611055,51967.3719046382,-10.268083808842317,22.995629041657775,18.650971318969088,-57.19174936516364,94.8374544358865
1524612055,51967.45524510178,-10.11566026611723,23.088796892173963,18.722069049345464,-57.161477094064324,94.80553514716594
1524613055,51967.43634854063,-9.983804397182755,23.132032060003585,18.773914472898763,-57.156574230370765,94.97230012065278
1524614055,51967.67839180138,-9.663866479732805,23.26310858010557,18.836125882225428,-57.048309838364425,94.88080244514757
1524615055,51967.782134707624,-9.579236914519274,23.31348297710845,18.805097381115438,-57.4478252184916,94.7254723280452
1524616055,51967.74111795299,-9.374918677461544,23.349517222306208,18.871331973983306,-57.62797851867071,95.05587831474011
1524617055,51967.875956177595,-8.624486248636458,23.387145629296615,18.99011738995937,-57.62744456554169,94.67094398316418
1524618055,51968.35361331197,-7.772030185584592,23.367487422183775,19.140958068149967,-57.236123929386196,94.53118348986312
1524619055,51967.38850492477,-6.988646832155675,23.412607944754022,19.215866746780467,-57.34755678822498,94.82629120780985
1524620055,51964.447359633654,-6.1492412445715114,23.565558936360016,19.294283605378208,-57.363777389683065,95.29848139770446
1524621055,51963.75658279207,-5.291501499407326,23.518627019504684,19.41498404553587,-57.503377674992215,95.24014297286105
1524622055,51964.16761101763,-4.334349128535895,23.46635324954778,19.549539335663376,-57.29348066990652,95.3337206529768
1524623055,51963.90388278045,-3.38571243713589,23.453306712991555,19.672928638783056,-57.37477683548432,95.42076673556512
1524624055,51964.25744199596,-2.3653375135234884,23.465870746414662,19.864900941163828,-57.460057225580655,95.32491365354821
1524625055,51963.29156854477,-1.3372890714688412,23.42249475315328,19.987342631497505,-57.51371312166381,95.36154421426225
1524626055,51963.41144730426,-0.30512852979376376,23.39038093132971,20.140028364351924,-57.77194145868498,95.61529444315809
1524627055,51963.10935306824,0.6036288658045932,23.25494784308237,20.29252040486605,-57.658863230013814,95.87527005508129
1524628055,51962.69440814123,1.799286604246946,23.288956061799187,20.578325586433984,-57.8004304679202,94.99649775085466
1524629055,51962.41747001065,2.8787137294919627,23.2823894719611,20.71032890591861,-57.75025343608058,95.25459153856073
1524630055,51962.09898089964,3.8222050766913376,23.250971234555184,20.840118885612558,-57.80726974214495,95.4285689900726
1524631055,51961.54191799474,4.622055008537594,23.178170330311644,21.01803980717698,-57.73168607621437,95.57398427373809
1524632055,51961.17360449862,5.514079797614413,23.23224812166186,21.120878058960212,-57.954532022406255,95.64734711178116
1524633055,51960.78809493631,6.267308347691205,23.185136993773764,21.256247479320585,-58.17117655604828,95.69107682307359
1524634055,51960.413747181694,7.0928641636112335,23.09592968223046,21.41887836066452,-57.9564884791326,95.88599958652647
1524635055,51960.15018205594,7.826966000835996,23.098999072964048,21.510094271799904,-57.865085712311426,96.1186075882133
1524636055,51959.75799112421,8.414117345798347,23.095477485166345,21.613114770268947,-58.06552561385496,96.29577611088318
1524637055,51958.99256013641,9.550390625702205,22.957041107095474,21.806696137310038,-58.01543326962526,96.57446896072977
1524638055,51958.434402543455,11.107022544753358,22.85271941080398,22.04386053686155,-57.92011247735665,96.69901412595347
1524639055,51958.08280113428,11.933470502102171,22.73626986924571,22.11246383045915,-58.405978094217666,96.73057864117028
