1524384055 841.7197 0.1160 0.0571 0.0600 0.1570 0.0620 -1.1694 0.1000
1524385055 841.7209 0.1160 0.0671 0.0600 0.1575 0.0620 -1.1694 0.1000
1524386055 841.7211 0.1160 0.0707 0.0600 0.1586 0.0620 -1.1688 0.1000
1524387055 841.7123 0.1160 0.0691 0.0600 0.1585 0.0620 -1.1758 0.1000
1524388055 841.7194 0.1160 0.0747 0.0600 0.1589 0.0620 -1.1737 0.1000
1524389055 841.7289 0.1160 0.0791 0.0600 0.1606 0.0620 -1.1706 0.1000
1524390055 841.7290 0.1160 0.0787 0.0600 0.1611 0.0620 -1.1710 0.1000
1524391055 841.7384 0.1160 0.0823 0.0600 0.1620 0.0620 -1.1675 0.1000
1524392055 841.7328 0.1160 0.0801 0.0600 0.1617 0.0620 -1.1695 0.1000
1524393055 841.7210 0.1160 0.0764 0.0600 0.1618 0.0620 -1.1724 0.1000
1524394055 841.7117 0.1160 0.0785 0.0600 0.1636 0.0620 -1.1748 0.1000
1524395055 841.5288 0.1160 0.0709 0.0600 0.1634 0.0620 -1.1786 0.1000
1524396055 841.7002 0.1160 0.0688 0.0600 0.1643 0.0620 -1.1804 0.1000
1524397055 841.6914 0.1160 0.0679 0.0600 0.1657 0.0620 -1.1826 0.1000
1524398055 841.6910 0.1160 0.0674 0.0600 0.1662 0.0620 -1.1833 0.1000
1524399055 841.6947 0.1160 0.0645 0.0600 0.1670 0.0620 -1.1808 0.1000
1524400055 841.6868 0.1160 0.0578 0.0600 0.1680 0.0620 -1.1839 0.1000
1524401055 841.6921 0.1160 0.0513 0.0600 0.1679 0.0620 -1.1817 0.1000
1524402055 841.6956 0.1160 0.0406 0.0600 0.1699 0.0620 -1.1796 0.1000
1524403055 841.6940 0.1160 0.0230 0.0600 0.1699 0.0620 -1.1804 0.1000
1524404055 841.6838 0.1160 0.0020 0.0600 0.1703 0.0620 -1.1846 0.1000
1524405055 841.6833 0.1160 -0.0143 0.0600 0.1720 0.0620 -1.1855 0.1000
1524406055 841.6851 0.1160 -0.0186 0.0600 0.1729 0.0620 -1.1836 0.1000
1524407055 841.6952 0.1160 0.0008 0.0600 0.1729 0.0620 -1.1796 0.1000
1524408055 841.6778 0.1160 0.0044 0.0600 0.1725 0.0620 -1.1856 0.1000
1524409055 841.6838 0.1160 0.0013 0.0600 0.1729 0.0620 -1.1842 0.1000
1524410055 841.6732 0.1160 -0.0108 0.0600 0.1730 0.0620 -1.1854 0.1000
1524411055 841.7774 0.1160 -0.0594 0.0600 0.1708 0.0620 -1.1467 0.1000
1524412055 841.6686 0.1160 -0.0347 0.0600 0.1736 0.0620 -1.1842 0.1000
1524413055 841.6626 0.1160 -0.0442 0.0600 0.1737 0.0620 -1.1879 0.1000
1524414055 841.6668 0.1160 -0.0507 0.0600 0.1746 0.0620 -1.1853 0.1000
1524415055 841.6581 0.1160 -0.0596 0.0600 0.1745 0.0620 -1.1855 0.1000
1524416055 841.6683 0.1160 -0.0581 0.0600 0.1750 0.0620 -1.1851 0.1000
1524417055 841.6796 0.1160 -0.0583 0.0600 0.1762 0.0620 -1.1810 0.1000
1524418055 841.6762 0.1160 -0.0618 0.0600 0.1757 0.0620 -1.1836 0.1000
1524419055 841.6799 0.1160 -0.0616 0.0600 0.1769 0.0620 -1.1838 0.1000
1524420055 841.6728 0.1160 -0.0675 0.0600 0.1768 0.0620 -1.1862 0.1000
1524421055 841.6698 0.1160 -0.0708 0.0600 0.1766 0.0620 -1.1850 0.1000
1524422055 841.6807 0.1160 -0.0793 0.0600 0.1768 0.0620 -1.1833 0.1000
1524423055 841.6839 0.1160 -0.0875 0.0600 0.1775 0.0620 -1.1818 0.1000
1524424055 841.6669 0.1160 -0.0944 0.0600 0.1781 0.0620 -1.1857 0.1000
1524425055 841.6717 0.1160 -0.1001 0.0600 0.1792 0.0620 -1.1837 0.1000
1524426055 841.6792 0.1160 -0.1053 0.0600 0.1801 0.0620 -1.1792 0.1000
1524427055 841.6749 0.1160 -0.1133 0.0600 0.1826 0.0620 -1.1806 0.1000
1524428055 841.6681 0.1160 -0.1205 0.0600 0.1828 0.0620 -1.1796 0.1000
1524429055 841.6722 0.1160 -0.1269 0.0600 0.1835 0.0620 -1.1800 0.1000
1524430055 841.6695 0.1160 -0.1357 0.0600 0.1837 0.0620 -1.1778 0.1000
1524431055 841.6743 0.1160 -0.1422 0.0600 0.1852 0.0620 -1.1743 0.1000
1524432055 841.6769 0.1160 -0.1481 0.0600 0.1872 0.0620 -1.1749 0.1000
1524433055 841.6608 0.1160 -0.1577 0.0600 0.1886 0.0620 -1.1797 0.1000
1524434055 841.6662 0.1160 -0.1606 0.0600 0.1891 0.0620 -1.1770 0.1000
1524435055 841.6540 0.1160 -0.1677 0.0600 0.1889 0.0620 -1.1803 0.1000
1524436055 841.6563 0.1160 -0.1706 0.0600 0.1904 0.0620 -1.1781 0.1000
1524437055 841.6505 0.1160 -0.1713 0.0600 0.1912 0.0620 -1.1806 0.1000
1524438055 841.6610 0.1160 -0.1685 0.0600 0.1925 0.0620 -1.1783 0.1000
1524439055 841.6457 0.1160 -0.1707 0.0600 0.1927 0.0620 -1.1815 0.1000
1524440055 841.6538 0.1160 -0.1658 0.0600 0.1940 0.0620 -1.1790 0.1000
1524441055 841.6508 0.1160 -0.1662 0.0600 0.1945 0.0620 -1.1788 0.1000
1524442055 841.6411 0.1160 -0.1644 0.0600 0.1951 0.0620 -1.1795 0.1000
1524443055 841.6430 0.1160 -0.1592 0.0600 0.1961 0.0620 -1.1825 0.1000
1524444055 841.6418 0.1160 -0.1526 0.0600 0.1953 0.0620 -1.1810 0.1000
1524445055 841.6438 0.1160 -0.1440 0.0600 0.1958 0.0620 -1.1792 0.1000
1524446055 841.6192 0.1160 -0.1319 0.0600 0.1963 0.0620 -1.1794 0.1000
1524447055 841.5638 0.1160 -0.1144 0.0600 0.1978 0.0620 -1.1828 0.1000
1524448055 841.5446 0.1160 -0.1009 0.0600 0.1968 0.0620 -1.1866 0.1000
1524449055 841.5561 0.1160 -0.0925 0.0600 0.1976 0.0620 -1.1818 0.1000
1524450055 841.5556 0.1160 -0.0831 0.0600 0.1985 0.0620 -1.1787 0.1000
1524451055 841.5464 0.1160 -0.0797 0.0600 0.1980 0.0620 -1.1833 0.1000
1524452055 841.5419 0.1160 -0.0697 0.0600 0.1988 0.0620 -1.1835 0.1000
1524453055 841.5496 0.1160 -0.0603 0.0600 0.1989 0.0620 -1.1792 0.1000
1524454055 841.5491 0.1160 -0.0496 0.0600 0.1997 0.0620 -1.1762 0.1000
1524455055 841.5288 0.1160 -0.0445 0.0600 0.2008 0.0620 -1.1838 0.1000
1524456055 841.5284 0.1160 -0.0365 0.0600 0.2012 0.0620 -1.1825 0.1000
1524457055 841.5223 0.1160 -0.0284 0.0600 0.2017 0.0620 -1.1838 0.1000
1524458055 841.5289 0.1160 -0.0210 0.0600 0.2024 0.0620 -1.1818 0.1000
1524459055 841.5154 0.1160 -0.0137 0.0600 0.2021 0.0620 -1.1838 0.1000
1524460055 841.5209 0.1160 -0.0024 0.0600 0.2028 0.0620 -1.1817 0.1000
1524461055 841.5153 0.1160 0.0056 0.0600 0.2039 0.0620 -1.1828 0.1000
1524462055 841.5167 0.1160 0.0144 0.0600 0.2038 0.0620 -1.1806 0.1000
1524463055 841.5153 0.1160 0.0212 0.0600 0.2045 0.0620 -1.1803 0.1000
1524464055 841.4997 0.1160 0.0256 0.0600 0.2043 0.0620 -1.1827 0.1000
1524465055 841.5048 0.1160 0.0298 0.0600 0.2055 0.0620 -1.1816 0.1000
1524466055 841.5027 0.1160 0.0320 0.0600 0.2064 0.0620 -1.1806 0.1000
1524467055 841.5094 0.1160 0.0348 0.0600 0.2065 0.0620 -1.1791 0.1000
1524468055 841.4794 0.1160 0.0306 0.0600 0.2067 0.0620 -1.1864 0.1000
1524469055 841.4920 0.1160 0.0337 0.0600 0.2080 0.0620 -1.1830 0.1000
1524470055 841.4886 0.1160 0.0367 0.0600 0.2082 0.0620 -1.1834 0.1000
1524471055 841.4974 0.1160 0.0426 0.0600 0.2102 0.0620 -1.1784 0.1000
1524472055 841.4892 0.1160 0.0430 0.0600 0.2112 0.0620 -1.1803 0.1000
1524473055 841.4919 0.1160 0.0449 0.0600 0.2119 0.0620 -1.1761 0.1000
1524474055 841.4905 0.1160 0.0481 0.0600 0.2118 0.0620 -1.1766 0.1000
1524475055 841.4809 0.1160 0.0484 0.0600 0.2121 0.0620 -1.1798 0.1000
1524476055 841.4763 0.1160 0.0496 0.0600 0.2135 0.0620 -1.1811 0.1000
1524477055 841.4669 0.1160 0.0450 0.0600 0.2135 0.0620 -1.1829 0.1000
1524478055 841.4667 0.1160 0.0509 0.0600 0.2156 0.0620 -1.1842 0.1000
1524479055 841.4692 0.1160 0.0548 0.0600 0.2152 0.0620 -1.1827 0.1000
1524480055 841.4555 0.1160 0.0590 0.0600 0.2153 0.0620 -1.1871 0.1000
1524481055 841.4548 0.1160 0.0611 0.0600 0.2154 0.0620 -1.1878 0.1000
1524482055 841.4564 0.1160 0.0650 0.0600 0.2158 0.0620 -1.1858 0.1000
1524483055 841.4487 0.1160 0.0679 0.0600 0.2162 0.0620 -1.1865 0.1000
1524484055 841.4534 0.1160 0.0711 0.0600 0.2171 0.0620 -1.1848 0.1000
1524485055 841.4339 0.1160 0.0725 0.0600 0.2174 0.0620 -1.1897 0.1000
1524486055 841.4407 0.1160 0.0714 0.0600 0.2172 0.0620 -1.1879 0.1000
1524487055 841.4322 0.1160 0.0735 0.0600 0.2180 0.0620 -1.1909 0.1000
1524488055 841.4373 0.1160 0.0758 0.0600 0.2185 0.0620 -1.1854 0.1000
1524489055 841.4467 0.1160 0.0738 0.0600 0.2193 0.0620 -1.1846 0.1000
1524490055 841.4326 0.1160 0.0727 0.0600 0.2199 0.0620 -1.1890 0.1000
1524491055 841.4525 0.1160 0.0772 0.0600 0.2208 0.0620 -1.1817 0.1000
1524492055 841.4397 0.1160 0.0789 0.0600 0.2206 0.0620 -1.1833 0.1000
1524493055 841.4356 0.1160 0.0993 0.0600 0.2195 0.0620 -1.1775 0.1000
1524494055 841.4329 0.1160 0.1074 0.0600 0.2202 0.0620 -1.1776 0.1000
1524495055 841.4246 0.1160 0.1055 0.0600 0.2220 0.0620 -1.1814 0.1000
1524496055 841.4268 0.1160 0.1018 0.0600 0.2226 0.0620 -1.1787 0.1000
1524497055 841.4091 0.1160 0.0894 0.0600 0.2236 0.0620 -1.1861 0.1000
1524498055 841.4071 0.1160 0.0797 0.0600 0.2235 0.0620 -1.1863 0.1000
1524499055 841.4073 0.1160 0.0654 0.0600 0.2242 0.0620 -1.1872 0.1000
1524500055 841.4033 0.1160 0.0481 0.0600 0.2244 0.0620 -1.1858 0.1000
1524501055 841.3768 0.1160 0.0156 0.0600 0.2260 0.0620 -1.1929 0.1000
1524502055 841.3871 0.1160 0.0103 0.0600 0.2265 0.0620 -1.1904 0.1000
1524503055 841.4021 0.1160 -0.0034 0.0600 0.2270 0.0620 -1.1905 0.1000
1524504055 841.4061 0.1160 -0.0173 0.0600 0.2283 0.0620 -1.1894 0.1000
1524505055 841.4007 0.1160 -0.0345 0.0600 0.2285 0.0620 -1.1938 0.1000
1524506055 841.4019 0.1160 -0.0580 0.0600 0.2296 0.0620 -1.1943 0.1000
1524507055 841.4043 0.1160 -0.0775 0.0600 0.2311 0.0620 -1.1939 0.1000
1524508055 841.4148 0.1160 -0.0977 0.0600 0.2324 0.0620 -1.1892 0.1000
1524509055 841.4087 0.1160 -0.1172 0.0600 0.2328 0.0620 -1.1892 0.1000
1524510055 841.3598 0.1160 -0.1369 0.0600 0.2348 0.0620 -1.1919 0.1000
1524511055 841.3671 0.1160 -0.1479 0.0600 0.2364 0.0620 -1.1914 0.1000
1524512055 841.3640 0.1160 -0.1591 0.0600 0.2368 0.0620 -1.1903 0.1000
1524513055 841.3735 0.1160 -0.1660 0.0600 0.2379 0.0620 -1.1880 0.1000
1524514055 841.3837 0.1160 -0.1765 0.0600 0.2389 0.0620 -1.1884 0.1000
1524515055 841.3855 0.1160 -0.1889 0.0600 0.2399 0.0620 -1.1903 0.1000
1524516055 841.3768 0.1160 -0.2029 0.0600 0.2415 0.0620 -1.1950 0.1000
1524517055 841.3845 0.1160 -0.2157 0.0600 0.2426 0.0620 -1.1919 0.1000
1524518055 841.3931 0.1160 -0.2236 0.0600 0.2450 0.0620 -1.1900 0.1000
1524519055 841.3914 0.1160 -0.2339 0.0600 0.2462 0.0620 -1.1920 0.1000
1524520055 841.3831 0.1160 -0.2437 0.0600 0.2467 0.0620 -1.1950 0.1000
1524521055 841.3877 0.1160 -0.2497 0.0600 0.2478 0.0620 -1.1943 0.1000
1524522055 841.3824 0.1160 -0.2566 0.0600 0.2485 0.0620 -1.1956 0.1000
1524523055 841.3811 0.1160 -0.2629 0.0600 0.2500 0.0620 -1.1956 0.1000
1524524055 841.3802 0.1160 -0.2631 0.0600 0.2520 0.0620 -1.1956 0.1000
1524525055 841.3888 0.1160 -0.2633 0.0600 0.2523 0.0620 -1.1963 0.1000
1524526055 841.3735 0.1160 -0.2658 0.0600 0.2525 0.0620 -1.2019 0.1000
1524527055 841.3926 0.1160 -0.2583 0.0600 0.2541 0.0620 -1.1951 0.1000
1524528055 841.3905 0.1160 -0.2612 0.0600 0.2543 0.0620 -1.1974 0.1000
1524529055 841.3873 0.1160 -0.2546 0.0600 0.2545 0.0620 -1.2011 0.1000
1524530055 841.3873 0.1160 -0.2459 0.0600 0.2555 0.0620 -1.2002 0.1000
1524531055 841.3959 0.1160 -0.2342 0.0600 0.2565 0.0620 -1.1974 0.1000
1524532055 841.3957 0.1160 -0.2173 0.0600 0.2577 0.0620 -1.1985 0.1000
1524533055 841.3805 0.1160 -0.2076 0.0600 0.2583 0.0620 -1.2050 0.1000
1524534055 841.3755 0.1160 -0.1991 0.0600 0.2596 0.0620 -1.2080 0.1000
1524535055 841.3721 0.1160 -0.1861 0.0600 0.2593 0.0620 -1.2078 0.1000
1524536055 841.3742 0.1160 -0.1690 0.0600 0.2605 0.0620 -1.2055 0.1000
1524537055 841.3830 0.1160 -0.1559 0.0600 0.2602 0.0620 -1.2025 0.1000
1524538055 841.3795 0.1160 -0.1415 0.0600 0.2609 0.0620 -1.2030 0.1000
1524539055 841.3672 0.1160 -0.1249 0.0600 0.2610 0.0620 -1.2040 0.1000
1524540055 841.3682 0.1160 -0.1096 0.0600 0.2622 0.0620 -1.2048 0.1000
1524541055 841.3676 0.1160 -0.0945 0.0600 0.2630 0.0620 -1.2059 0.1000
1524542055 841.3688 0.1160 -0.0791 0.0600 0.2633 0.0620 -1.2031 0.1000
1524543055 841.3592 0.1160 -0.0667 0.0600 0.2640 0.0620 -1.2038 0.1000
1524544055 841.3103 0.1160 -0.0628 0.0600 0.2659 0.0620 -1.2074 0.1000
1524545055 841.2875 0.1160 -0.0498 0.0600 0.2661 0.0620 -1.2063 0.1000
1524546055 841.2924 0.1160 -0.0312 0.0600 0.2674 0.0620 -1.2030 0.1000
1524547055 841.2755 0.1160 -0.0220 0.0600 0.2681 0.0620 -1.2075 0.1000
1524548055 841.2852 0.1160 -0.0124 0.0600 0.2689 0.0620 -1.2023 0.1000
1524549055 841.2732 0.1160 -0.0040 0.0600 0.2694 0.0620 -1.2058 0.1000
1524550055 841.2721 0.1160 0.0083 0.0600 0.2705 0.0620 -1.2040 0.1000
1524551055 841.2629 0.1160 0.0158 0.0600 0.2708 0.0620 -1.2062 0.1000
1524552055 841.2639 0.1160 0.0250 0.0600 0.2716 0.0620 -1.2050 0.1000
1524553055 841.2628 0.1160 0.0317 0.0600 0.2715 0.0620 -1.2045 0.1000
1524554055 841.2521 0.1160 0.0353 0.0600 0.2726 0.0620 -1.2071 0.1000
1524555055 841.2465 0.1160 0.0426 0.0600 0.2737 0.0620 -1.2088 0.1000
1524556055 841.2436 0.1160 0.0466 0.0600 0.2744 0.0620 -1.2085 0.1000
1524557055 841.2531 0.1160 0.0529 0.0600 0.2752 0.0620 -1.2039 0.1000
1524558055 841.2474 0.1160 0.0535 0.0600 0.2767 0.0620 -1.2073 0.1000
1524559055 841.2285 0.1160 0.0571 0.0600 0.2768 0.0620 -1.2101 0.1000
1524560055 841.2390 0.1160 0.0647 0.0600 0.2779 0.0620 -1.2072 0.1000
1524561055 841.2297 0.1160 0.0668 0.0600 0.2779 0.0620 -1.2090 0.1000
1524562055 841.2226 0.1160 0.0674 0.0600 0.2786 0.0620 -1.2098 0.1000
1524563055 841.2272 0.1160 0.0716 0.0600 0.2797 0.0620 -1.2060 0.1000
1524564055 841.2284 0.1160 0.0763 0.0600 0.2796 0.0620 -1.2052 0.1000
1524565055 841.2266 0.1160 0.0815 0.0600 0.2805 0.0620 -1.2048 0.1000
1524566055 841.2080 0.1160 0.0817 0.0600 0.2808 0.0620 -1.2090 0.1000
1524567055 841.2154 0.1160 0.0843 0.0600 0.2822 0.0620 -1.2048 0.1000
1524568055 841.2115 0.1160 0.0872 0.0600 0.2827 0.0620 -1.2068 0.1000
1524569055 841.1910 0.1160 0.0852 0.0600 0.2826 0.0620 -1.2129 0.1000
1524570055 841.1913 0.1160 0.0910 0.0600 0.2837 0.0620 -1.2120 0.1000
1524571055 841.1962 0.1160 0.0942 0.0600 0.2842 0.0620 -1.2097 0.1000
1524572055 841.1914 0.1160 0.1015 0.0600 0.2849 0.0620 -1.2062 0.1000
1524573055 841.1849 0.1160 0.1046 0.0600 0.2861 0.0620 -1.2075 0.1000
1524574055 841.1859 0.1160 0.1033 0.0600 0.2866 0.0620 -1.2116 0.1000
1524575055 841.1628 0.1160 0.1012 0.0600 0.2870 0.0620 -1.2166 0.1000
1524576055 841.1788 0.1160 0.1045 0.0600 0.2883 0.0620 -1.2119 0.1000
1524577055 841.1735 0.1160 0.1047 0.0600 0.2899 0.0620 -1.2127 0.1000
1524578055 841.1710 0.1160 0.1003 0.0600 0.2911 0.0620 -1.2131 0.1000
1524579055 841.1631 0.1160 0.0922 0.0600 0.2914 0.0620 -1.2146 0.1000
1524580055 841.1543 0.1160 0.0825 0.0600 0.2917 0.0620 -1.2157 0.1000
1524581055 841.1349 0.1160 0.0702 0.0600 0.2918 0.0620 -1.2224 0.1000
1524582055 841.1213 0.1160 0.0559 0.0600 0.2966 0.0620 -1.2277 0.1000
1524583055 841.1114 0.1160 0.0369 0.0600 0.2964 0.0620 -1.2253 0.1000
1524584055 841.1074 0.1160 0.0249 0.0600 0.2978 0.0620 -1.2153 0.1000
1524585055 841.1055 0.1160 0.0075 0.0600 0.2992 0.0620 -1.2148 0.1000
1524586055 841.0816 0.1160 -0.0135 0.0600 0.2987 0.0620 -1.2228 0.1000
1524587055 841.0824 0.1160 -0.0309 0.0600 0.3001 0.0620 -1.2219 0.1000
1524588055 841.0825 0.1160 -0.0455 0.0600 0.3004 0.0620 -1.2223 0.1000
1524589055 841.0935 0.1160 -0.0591 0.0600 0.3024 0.0620 -1.2209 0.1000
1524590055 841.0965 0.1160 -0.0784 0.0600 0.3027 0.0620 -1.2223 0.1000
1524591055 841.0969 0.1160 -0.0943 0.0600 0.3046 0.0620 -1.2236 0.1000
1524592055 841.0956 0.1160 -0.1074 0.0600 0.3069 0.0620 -1.2254 0.1000
1524593055 841.1124 0.1160 -0.1173 0.0600 0.3091 0.0620 -1.2223 0.1000
1524594055 841.1158 0.1160 -0.1368 0.0600 0.3112 0.0620 -1.2238 0.1000
1524595055 841.1088 0.1160 -0.1556 0.0600 0.3116 0.0620 -1.2259 0.1000
1524596055 841.1022 0.1160 -0.1747 0.0600 0.3141 0.0620 -1.2301 0.1000
1524597055 841.1189 0.1160 -0.1855 0.0600 0.3165 0.0620 -1.2271 0.1000
1524598055 841.1228 0.1160 -0.1991 0.0600 0.3194 0.0620 -1.2292 0.1000
1524599055 841.1201 0.1160 -0.2130 0.0600 0.3207 0.0620 -1.2287 0.1000
1524600055 841.1206 0.1160 -0.2238 0.0600 0.3226 0.0620 -1.2317 0.1000
1524601055 841.1332 0.1160 -0.2308 0.0600 0.3241 0.0620 -1.2251 0.1000
1524602055 841.1368 0.1160 -0.2394 0.0600 0.3264 0.0620 -1.2237 0.1000
1524603055 841.0904 0.1160 -0.2595 0.0600 0.3292 0.0620 -1.2251 0.1000
1524604055 841.0851 0.1160 -0.2699 0.0600 0.3319 0.0620 -1.2275 0.1000
1524605055 841.0793 0.1160 -0.2807 0.0600 0.3322 0.0620 -1.2298 0.1000
1524606055 841.0752 0.1160 -0.2888 0.0600 0.3345 0.0620 -1.2310 0.1000
1524607055 841.0775 0.1160 -0.2968 0.0600 0.3359 0.0620 -1.2307 0.1000
1524608055 841.0734 0.1160 -0.3025 0.0600 0.3379 0.0620 -1.2336 0.1000
1524609055 841.0753 0.1160 -0.3087 0.0600 0.3400 0.0620 -1.2333 0.1000
1524610055 841.0830 0.1160 -0.3100 0.0600 0.3418 0.0620 -1.2306 0.1000
1524611055 841.0709 0.1160 -0.3155 0.0600 0.3431 0.0620 -1.2355 0.1000
1524612055 841.0741 0.1160 -0.3129 0.0600 0.3446 0.0620 -1.2343 0.1000
1524613055 841.0747 0.1160 -0.3109 0.0600 0.3453 0.0620 -1.2353 0.1000
1524614055 841.0839 0.1160 -0.3064 0.0600 0.3473 0.0620 -1.2335 0.1000
1524615055 841.0688 0.1160 -0.3041 0.0600 0.3483 0.0620 -1.2406 0.1000
1524616055 841.0610 0.1160 -0.2999 0.0600 0.3490 0.0620 -1.2439 0.1000
1524617055 841.0637 0.1160 -0.2833 0.0600 0.3505 0.0620 -1.2437 0.1000
1524618055 841.0890 0.1160 -0.2657 0.0600 0.3509 0.0620 -1.2367 0.1000
1524619055 841.0691 0.1160 -0.2546 0.0600 0.3513 0.0620 -1.2389 0.1000
1524620055 841.0215 0.1160 -0.2410 0.0600 0.3538 0.0620 -1.2408 0.1000
1524621055 841.0049 0.1160 -0.2212 0.0600 0.3542 0.0620 -1.2433 0.1000
1524622055 841.0213 0.1160 -0.2010 0.0600 0.3543 0.0620 -1.2408 0.1000
1524623055 841.0140 0.1160 -0.1814 0.0600 0.3549 0.0620 -1.2407 0.1000
1524624055 841.0165 0.1160 -0.1569 0.0600 0.3567 0.0620 -1.2411 0.1000
1524625055 840.9992 0.1160 -0.1355 0.0600 0.3569 0.0620 -1.2429 0.1000
1524626055 840.9906 0.1160 -0.1122 0.0600 0.3576 0.0620 -1.2476 0.1000
1524627055 840.9911 0.1160 -0.0900 0.0600 0.3569 0.0620 -1.2446 0.1000
1524628055 840.9789 0.1160 -0.0566 0.0600 0.3602 0.0620 -1.2474 0.1000
1524629055 840.9772 0.1160 -0.0353 0.0600 0.3609 0.0620 -1.2467 0.1000
1524630055 840.9701 0.1160 -0.0147 0.0600 0.3614 0.0620 -1.2469 0.1000
1524631055 840.9649 0.1160 0.0048 0.0600 0.3615 0.0620 -1.2454 0.1000
1524632055 840.9499 0.1160 0.0248 0.0600 0.3634 0.0620 -1.2503 0.1000
1524633055 840.9349 0.1160 0.0434 0.0600 0.3639 0.0620 -1.2553 0.1000
1524634055 840.9387 0.1160 0.0630 0.0600 0.3637 0.0620 -1.2505 0.1000
1524635055 840.9390 0.1160 0.0798 0.0600 0.3647 0.0620 -1.2486 0.1000
1524636055 840.9245 0.1160 0.0922 0.0600 0.3652 0.0620 -1.2517 0.1000
1524637055 840.9149 0.1160 0.1199 0.0600 0.3648 0.0620 -1.2516 0.1000
1524638055 840.9106 0.1160 0.1536 0.0600 0.3647 0.0620 -1.2500 0.1000
1524639055 840.8844 0.1160 0.1735 0.0600 0.3641 0.0620 -1.2576 0.1000
