-59 -59 0
-59 -57 0
-59 -55 0
-59 -53 0
-59 -51 0
-59 -49 4
-59 -47 7
-59 -45 4
-59 -43 3
-59 -41 2
-59 -39 4
-59 -37 6
-59 -35 7
-59 -33 7
-59 -31 8
-59 -29 8
-59 -27 18
-59 -25 16
-59 -23 23
-59 -21 26
-59 -19 28
-59 -17 34
-59 -15 34
-59 -13 50
-59 -11 51
-59 -9 57
-59 -7 49
-59 -5 52
-59 -3 56
-59 -1 54
-59 1 74
-59 3 49
-59 5 46
-59 7 48
-59 9 58
-59 11 40
-59 13 46
-59 15 50
-59 17 29
-59 19 29
-59 21 32
-59 23 19
-59 25 16
-59 27 14
-59 29 8
-59 31 7
-59 33 5
-59 35 5
-59 37 3
-59 39 2
-59 41 2
-59 43 3
-59 45 5
-59 47 8
-59 49 1
-59 51 0
-59 53 0
-59 55 0
-59 57 0
-59 59 0
-57 -59 0
-57 -57 0
-57 -55 0
-57 -53 0
-57 -51 0
-57 -49 7
-57 -47 3
-57 -45 5
-57 -43 4
-57 -41 5
-57 -39 2
-57 -37 3
-57 -35 2
-57 -33 8
-57 -31 10
-57 -29 11
-57 -27 20
-57 -25 20
-57 -23 27
-57 -21 35
-57 -19 39
-57 -17 50
-57 -15 43
-57 -13 52
-57 -11 60
-57 -9 51
-57 -7 56
-57 -5 71
-57 -3 66
-57 -1 79
-57 1 70
-57 3 71
-57 5 66
-57 7 54
-57 9 64
-57 11 59
-57 13 48
-57 15 50
-57 17 49
-57 19 44
-57 21 27
-57 23 17
-57 25 21
-57 27 12
-57 29 7
-57 31 6
-57 33 4
-57 35 5
-57 37 5
-57 39 4
-57 41 2
-57 43 5
-57 45 3
-57 47 6
-57 49 5
-57 51 0
-57 53 0
-57 55 0
-57 57 0
-57 59 0
-55 -59 0
-55 -57 0
-55 -55 0
-55 -53 0
-55 -51 0
-55 -49 2
-55 -47 6
-55 -45 7
-55 -43 3
-55 -41 5
-55 -39 3
-55 -37 5
-55 -35 5
-55 -33 4
-55 -31 7
-55 -29 6
-55 -27 15
-55 -25 21
-55 -23 28
-55 -21 26
-55 -19 40
-55 -17 42
-55 -15 46
-55 -13 59
-55 -11 43
-55 -9 68
-55 -7 80
-55 -5 63
-55 -3 74
-55 -1 71
-55 1 83
-55 3 69
-55 5 69
-55 7 81
-55 9 74
-55 11 69
-55 13 40
-55 15 52
-55 17 56
-55 19 39
-55 21 24
-55 23 21
-55 25 18
-55 27 9
-55 29 14
-55 31 8
-55 33 3
-55 35 4
-55 37 3
-55 39 9
-55 41 5
-55 43 2
-55 45 10
-55 47 11
-55 49 9
-55 51 0
-55 53 0
-55 55 0
-55 57 0
-55 59 0
-53 -59 0
-53 -57 0
-53 -55 0
-53 -53 0
-53 -51 0
-53 -49 17
-53 -47 13
-53 -45 8
-53 -43 8
-53 -41 4
-53 -39 5
-53 -37 5
-53 -35 5
-53 -33 7
-53 -31 7
-53 -29 15
-53 -27 13
-53 -25 13
-53 -23 27
-53 -21 37
-53 -19 34
-53 -17 67
-53 -15 48
-53 -13 69
-53 -11 51
-53 -9 77
-53 -7 78
-53 -5 82
-53 -3 75
-53 -1 96
-53 1 91
-53 3 85
-53 5 71
-53 7 86
-53 9 72
-53 11 83
-53 13 67
-53 15 35
-53 17 45
-53 19 29
-53 21 29
-53 23 23
-53 25 13
-53 27 10
-53 29 14
-53 31 6
-53 33 8
-53 35 3
-53 37 9
-53 39 5
-53 41 5
-53 43 10
-53 45 6
-53 47 15
-53 49 16
-53 51 0
-53 53 0
-53 55 0
-53 57 0
-53 59 0
-51 -59 0
-51 -57 0
-51 -55 0
-51 -53 0
-51 -51 0
-51 -49 2
-51 -47 18
-51 -45 6
-51 -43 11
-51 -41 11
-51 -39 10
-51 -37 3
-51 -35 6
-51 -33 7
-51 -31 12
-51 -29 16
-51 -27 23
-51 -25 22
-51 -23 27
-51 -21 44
-51 -19 45
-51 -17 58
-51 -15 64
-51 -13 80
-51 -11 80
-51 -9 85
-51 -7 101
-51 -5 96
-51 -3 93
-51 -1 100
-51 1 90
-51 3 80
-51 5 97
-51 7 101
-51 9 91
-51 11 75
-51 13 73
-51 15 64
-51 17 52
-51 19 56
-51 21 40
-51 23 25
-51 25 28
-51 27 20
-51 29 11
-51 31 12
-51 33 9
-51 35 9
-51 37 7
-51 39 7
-51 41 8
-51 43 10
-51 45 13
-51 47 12
-51 49 4
-51 51 0
-51 53 0
-51 55 0
-51 57 0
-51 59 0
-49 -59 0
-49 -57 0
-49 -55 0
-49 -53 0
-49 -51 0
-49 -49 0
-49 -47 1
-49 -45 10
-49 -43 14
-49 -41 12
-49 -39 9
-49 -37 4
-49 -35 5
-49 -33 10
-49 -31 8
-49 -29 16
-49 -27 18
-49 -25 31
-49 -23 34
-49 -21 47
-49 -19 58
-49 -17 65
-49 -15 74
-49 -13 88
-49 -11 85
-49 -9 102
-49 -7 125
-49 -5 115
-49 -3 114
-49 -1 141
-49 1 122
-49 3 142
-49 5 114
-49 7 102
-49 9 101
-49 11 110
-49 13 83
-49 15 79
-49 17 68
-49 19 56
-49 21 33
-49 23 27
-49 25 22
-49 27 17
-49 29 15
-49 31 11
-49 33 4
-49 35 15
-49 37 15
-49 39 11
-49 41 14
-49 43 15
-49 45 21
-49 47 4
-49 49 0
-49 51 0
-49 53 0
-49 55 0
-49 57 0
-49 59 0
-47 -59 0
-47 -57 0
-47 -55 0
-47 -53 0
-47 -51 0
-47 -49 0
-47 -47 0
-47 -45 8
-47 -43 21
-47 -41 20
-47 -39 4
-47 -37 8
-47 -35 10
-47 -33 8
-47 -31 12
-47 -29 12
-47 -27 21
-47 -25 37
-47 -23 35
-47 -21 49
-47 -19 61
-47 -17 58
-47 -15 80
-47 -13 107
-47 -11 116
-47 -9 144
-47 -7 155
-47 -5 160
-47 -3 150
-47 -1 157
-47 1 159
-47 3 142
-47 5 149
-47 7 127
-47 9 140
-47 11 98
-47 13 89
-47 15 81
-47 17 86
-47 19 65
-47 21 44
-47 23 35
-47 25 29
-47 27 23
-47 29 15
-47 31 11
-47 33 9
-47 35 21
-47 37 11
-47 39 19
-47 41 17
-47 43 26
-47 45 1
-47 47 0
-47 49 0
-47 51 0
-47 53 0
-47 55 0
-47 57 0
-47 59 0
-45 -59 0
-45 -57 0
-45 -55 0
-45 -53 0
-45 -51 0
-45 -49 0
-45 -47 1
-45 -45 5
-45 -43 9
-45 -41 28
-45 -39 11
-45 -37 10
-45 -35 12
-45 -33 12
-45 -31 9
-45 -29 20
-45 -27 23
-45 -25 34
-45 -23 38
-45 -21 61
-45 -19 81
-45 -17 96
-45 -15 90
-45 -13 134
-45 -11 147
-45 -9 164
-45 -7 153
-45 -5 198
-45 -3 213
-45 -1 239
-45 1 200
-45 3 185
-45 5 176
-45 7 147
-45 9 135
-45 11 172
-45 13 125
-45 15 79
-45 17 87
-45 19 70
-45 21 45
-45 23 33
-45 25 36
-45 27 21
-45 29 17
-45 31 14
-45 33 7
-45 35 9
-45 37 26
-45 39 32
-45 41 35
-45 43 17
-45 45 2
-45 47 2
-45 49 0
-45 51 0
-45 53 0
-45 55 0
-45 57 0
-45 59 0
-43 -59 0
-43 -57 0
-43 -55 1
-43 -53 0
-43 -51 2
-43 -49 13
-43 -47 13
-43 -45 24
-43 -43 31
-43 -41 35
-43 -39 18
-43 -37 17
-43 -35 11
-43 -33 9
-43 -31 29
-43 -29 22
-43 -27 24
-43 -25 34
-43 -23 41
-43 -21 64
-43 -19 80
-43 -17 103
-43 -15 123
-43 -13 164
-43 -11 187
-43 -9 219
-43 -7 237
-43 -5 265
-43 -3 266
-43 -1 291
-43 1 268
-43 3 294
-43 5 252
-43 7 262
-43 9 212
-43 11 200
-43 13 172
-43 15 118
-43 17 111
-43 19 78
-43 21 58
-43 23 41
-43 25 44
-43 27 31
-43 29 29
-43 31 13
-43 33 12
-43 35 13
-43 37 31
-43 39 37
-43 41 44
-43 43 49
-43 45 39
-43 47 17
-43 49 8
-43 51 3
-43 53 1
-43 55 1
-43 57 0
-43 59 0
-41 -59 0
-41 -57 1
-41 -55 0
-41 -53 4
-41 -51 8
-41 -49 22
-41 -47 26
-41 -45 28
-41 -43 46
-41 -41 44
-41 -39 28
-41 -37 19
-41 -35 11
-41 -33 12
-41 -31 15
-41 -29 24
-41 -27 40
-41 -25 45
-41 -23 60
-41 -21 80
-41 -19 106
-41 -17 134
-41 -15 170
-41 -13 232
-41 -11 263
-41 -9 339
-41 -7 406
-41 -5 483
-41 -3 484
-41 -1 552
-41 1 534
-41 3 508
-41 5 428
-41 7 421
-41 9 347
-41 11 312
-41 13 200
-41 15 167
-41 17 125
-41 19 90
-41 21 81
-41 23 57
-41 25 42
-41 27 27
-41 29 22
-41 31 24
-41 33 21
-41 35 24
-41 37 28
-41 39 51
-41 41 67
-41 43 58
-41 45 47
-41 47 34
-41 49 18
-41 51 8
-41 53 2
-41 55 3
-41 57 3
-41 59 0
-39 -59 1
-39 -57 0
-39 -55 3
-39 -53 10
-39 -51 11
-39 -49 14
-39 -47 25
-39 -45 37
-39 -43 44
-39 -41 31
-39 -39 21
-39 -37 17
-39 -35 17
-39 -33 18
-39 -31 27
-39 -29 36
-39 -27 48
-39 -25 49
-39 -23 65
-39 -21 86
-39 -19 112
-39 -17 201
-39 -15 245
-39 -13 363
-39 -11 543
-39 -9 660
-39 -7 811
-39 -5 870
-39 -3 924
-39 -1 948
-39 1 937
-39 3 973
-39 5 916
-39 7 810
-39 9 645
-39 11 521
-39 13 381
-39 15 280
-39 17 205
-39 19 145
-39 21 92
-39 23 80
-39 25 47
-39 27 46
-39 29 23
-39 31 20
-39 33 19
-39 35 13
-39 37 27
-39 39 50
-39 41 58
-39 43 58
-39 45 63
-39 47 38
-39 49 20
-39 51 11
-39 53 4
-39 55 8
-39 57 5
-39 59 1
-37 -59 3
-37 -57 4
-37 -55 4
-37 -53 7
-37 -51 10
-37 -49 20
-37 -47 21
-37 -45 37
-37 -43 30
-37 -41 33
-37 -39 25
-37 -37 11
-37 -35 22
-37 -33 21
-37 -31 21
-37 -29 44
-37 -27 57
-37 -25 86
-37 -23 105
-37 -21 164
-37 -19 229
-37 -17 302
-37 -15 475
-37 -13 652
-37 -11 920
-37 -9 1096
-37 -7 1377
-37 -5 1424
-37 -3 1571
-37 -1 1651
-37 1 1707
-37 3 1646
-37 5 1566
-37 7 1410
-37 9 1180
-37 11 1012
-37 13 696
-37 15 516
-37 17 320
-37 19 218
-37 21 153
-37 23 113
-37 25 85
-37 27 60
-37 29 34
-37 31 45
-37 33 21
-37 35 20
-37 37 25
-37 39 38
-37 41 26
-37 43 42
-37 45 42
-37 47 38
-37 49 26
-37 51 18
-37 53 11
-37 55 8
-37 57 8
-37 59 5
-35 -59 4
-35 -57 3
-35 -55 6
-35 -53 8
-35 -51 10
-35 -49 15
-35 -47 13
-35 -45 24
-35 -43 37
-35 -41 17
-35 -39 21
-35 -37 18
-35 -35 16
-35 -33 14
-35 -31 37
-35 -29 49
-35 -27 77
-35 -25 104
-35 -23 174
-35 -21 258
-35 -19 383
-35 -17 600
-35 -15 804
-35 -13 1111
-35 -11 1431
-35 -9 1704
-35 -7 2020
-35 -5 2311
-35 -3 2391
-35 -1 2557
-35 1 2615
-35 3 2527
-35 5 2319
-35 7 2183
-35 9 1842
-35 11 1611
-35 13 1233
-35 15 889
-35 17 622
-35 19 437
-35 21 276
-35 23 196
-35 25 117
-35 27 82
-35 29 44
-35 31 36
-35 33 31
-35 35 25
-35 37 17
-35 39 21
-35 41 29
-35 43 37
-35 45 48
-35 47 34
-35 49 22
-35 51 22
-35 53 11
-35 55 11
-35 57 7
-35 59 6
-33 -59 2
-33 -57 7
-33 -55 8
-33 -53 6
-33 -51 12
-33 -49 16
-33 -47 24
-33 -45 26
-33 -43 32
-33 -41 14
-33 -39 15
-33 -37 18
-33 -35 18
-33 -33 24
-33 -31 43
-33 -29 61
-33 -27 126
-33 -25 177
-33 -23 311
-33 -21 486
-33 -19 735
-33 -17 951
-33 -15 1265
-33 -13 1690
-33 -11 2037
-33 -9 2502
-33 -7 2891
-33 -5 3092
-33 -3 3302
-33 -1 3449
-33 1 3572
-33 3 3525
-33 5 3260
-33 7 3066
-33 9 2675
-33 11 2279
-33 13 1854
-33 15 1453
-33 17 1044
-33 19 763
-33 21 526
-33 23 325
-33 25 209
-33 27 121
-33 29 88
-33 31 59
-33 33 29
-33 35 30
-33 37 13
-33 39 12
-33 41 21
-33 43 31
-33 45 35
-33 47 22
-33 49 23
-33 51 15
-33 53 12
-33 55 6
-33 57 8
-33 59 8
-31 -59 3
-31 -57 9
-31 -55 3
-31 -53 8
-31 -51 9
-31 -49 4
-31 -47 12
-31 -45 15
-31 -43 9
-31 -41 13
-31 -39 16
-31 -37 20
-31 -35 23
-31 -33 45
-31 -31 50
-31 -29 96
-31 -27 178
-31 -25 279
-31 -23 489
-31 -21 713
-31 -19 1034
-31 -17 1428
-31 -15 1820
-31 -13 2279
-31 -11 2816
-31 -9 3290
-31 -7 3635
-31 -5 4093
-31 -3 4310
-31 -1 4264
-31 1 4426
-31 3 4402
-31 5 4067
-31 7 3914
-31 9 3444
-31 11 3005
-31 13 2544
-31 15 2002
-31 17 1596
-31 19 1149
-31 21 818
-31 23 560
-31 25 333
-31 27 246
-31 29 122
-31 31 78
-31 33 41
-31 35 31
-31 37 20
-31 39 16
-31 41 27
-31 43 21
-31 45 31
-31 47 14
-31 49 13
-31 51 15
-31 53 12
-31 55 4
-31 57 12
-31 59 4
-29 -59 3
-29 -57 5
-29 -55 6
-29 -53 6
-29 -51 7
-29 -49 10
-29 -47 12
-29 -45 8
-29 -43 8
-29 -41 18
-29 -39 14
-29 -37 26
-29 -35 41
-29 -33 42
-29 -31 82
-29 -29 155
-29 -27 256
-29 -25 427
-29 -23 691
-29 -21 1029
-29 -19 1418
-29 -17 1836
-29 -15 2317
-29 -13 2943
-29 -11 3551
-29 -9 4051
-29 -7 4586
-29 -5 4852
-29 -3 5206
-29 -1 5357
-29 1 5328
-29 3 5349
-29 5 5002
-29 7 4693
-29 9 4204
-29 11 3796
-29 13 3192
-29 15 2486
-29 17 2021
-29 19 1493
-29 21 1165
-29 23 752
-29 25 539
-29 27 338
-29 29 194
-29 31 110
-29 33 68
-29 35 39
-29 37 24
-29 39 21
-29 41 16
-29 43 20
-29 45 16
-29 47 13
-29 49 10
-29 51 14
-29 53 7
-29 55 3
-29 57 4
-29 59 7
-27 -59 3
-27 -57 4
-27 -55 7
-27 -53 3
-27 -51 3
-27 -49 3
-27 -47 10
-27 -45 7
-27 -43 7
-27 -41 14
-27 -39 14
-27 -37 24
-27 -35 34
-27 -33 64
-27 -31 128
-27 -29 221
-27 -27 411
-27 -25 627
-27 -23 929
-27 -21 1267
-27 -19 1807
-27 -17 2374
-27 -15 2941
-27 -13 3438
-27 -11 4145
-27 -9 4797
-27 -7 5266
-27 -5 5691
-27 -3 6068
-27 -1 6178
-27 1 6214
-27 3 6166
-27 5 5878
-27 7 5520
-27 9 4905
-27 11 4291
-27 13 3647
-27 15 3019
-27 17 2530
-27 19 1951
-27 21 1398
-27 23 1052
-27 25 756
-27 27 465
-27 29 273
-27 31 140
-27 33 90
-27 35 49
-27 37 30
-27 39 23
-27 41 9
-27 43 16
-27 45 18
-27 47 15
-27 49 10
-27 51 9
-27 53 5
-27 55 4
-27 57 3
-27 59 5
-25 -59 2
-25 -57 1
-25 -55 2
-25 -53 3
-25 -51 2
-25 -49 7
-25 -47 6
-25 -45 7
-25 -43 14
-25 -41 15
-25 -39 26
-25 -37 28
-25 -35 47
-25 -33 88
-25 -31 165
-25 -29 307
-25 -27 489
-25 -25 796
-25 -23 1183
-25 -21 1567
-25 -19 2134
-25 -17 2702
-25 -15 3339
-25 -13 3983
-25 -11 4780
-25 -9 5434
-25 -7 5939
-25 -5 6635
-25 -3 6784
-25 -1 6999
-25 1 7059
-25 3 7042
-25 5 6555
-25 7 6069
-25 9 5636
-25 11 4857
-25 13 4184
-25 15 3539
-25 17 2897
-25 19 2260
-25 21 1665
-25 23 1232
-25 25 898
-25 27 593
-25 29 335
-25 31 217
-25 33 133
-25 35 55
-25 37 27
-25 39 17
-25 41 6
-25 43 14
-25 45 4
-25 47 3
-25 49 10
-25 51 3
-25 53 2
-25 55 5
-25 57 2
-25 59 5
-23 -59 3
-23 -57 3
-23 -55 3
-23 -53 4
-23 -51 6
-23 -49 6
-23 -47 5
-23 -45 5
-23 -43 13
-23 -41 17
-23 -39 22
-23 -37 36
-23 -35 52
-23 -33 98
-23 -31 200
-23 -29 383
-23 -27 579
-23 -25 980
-23 -23 1391
-23 -21 1909
-23 -19 2390
-23 -17 3009
-23 -15 3888
-23 -13 4662
-23 -11 5393
-23 -9 6099
-23 -7 6614
-23 -5 7336
-23 -3 7682
-23 -1 7874
-23 1 7819
-23 3 7764
-23 5 7343
-23 7 6919
-23 9 6238
-23 11 5574
-23 13 4875
-23 15 3991
-23 17 3345
-23 19 2583
-23 21 2068
-23 23 1554
-23 25 1079
-23 27 709
-23 29 506
-23 31 287
-23 33 151
-23 35 88
-23 37 38
-23 39 20
-23 41 20
-23 43 2
-23 45 11
-23 47 10
-23 49 6
-23 51 3
-23 53 6
-23 55 6
-23 57 1
-23 59 5
-21 -59 4
-21 -57 2
-21 -55 4
-21 -53 2
-21 -51 3
-21 -49 2
-21 -47 9
-21 -45 9
-21 -43 14
-21 -41 19
-21 -39 30
-21 -37 34
-21 -35 66
-21 -33 109
-21 -31 270
-21 -29 497
-21 -27 713
-21 -25 1163
-21 -23 1571
-21 -21 2217
-21 -19 2736
-21 -17 3502
-21 -15 4312
-21 -13 5021
-21 -11 6072
-21 -9 6769
-21 -7 7433
-21 -5 7964
-21 -3 8295
-21 -1 8780
-21 1 8513
-21 3 8288
-21 5 8194
-21 7 7393
-21 9 6995
-21 11 6118
-21 13 5357
-21 15 4452
-21 17 3592
-21 19 2939
-21 21 2272
-21 23 1729
-21 25 1255
-21 27 839
-21 29 585
-21 31 336
-21 33 197
-21 35 101
-21 37 51
-21 39 26
-21 41 13
-21 43 9
-21 45 6
-21 47 4
-21 49 7
-21 51 7
-21 53 4
-21 55 4
-21 57 2
-21 59 4
-19 -59 4
-19 -57 0
-19 -55 6
-19 -53 5
-19 -51 3
-19 -49 7
-19 -47 6
-19 -45 6
-19 -43 12
-19 -41 16
-19 -39 28
-19 -37 37
-19 -35 98
-19 -33 192
-19 -31 316
-19 -29 557
-19 -27 795
-19 -25 1198
-19 -23 1777
-19 -21 2394
-19 -19 3099
-19 -17 3819
-19 -15 4663
-19 -13 5446
-19 -11 6251
-19 -9 7224
-19 -7 7843
-19 -5 8520
-19 -3 9158
-19 -1 9533
-19 1 9159
-19 3 8881
-19 5 8603
-19 7 8162
-19 9 7441
-19 11 6654
-19 13 5893
-19 15 4896
-19 17 4164
-19 19 3226
-19 21 2454
-19 23 1930
-19 25 1493
-19 27 997
-19 29 634
-19 31 392
-19 33 228
-19 35 160
-19 37 73
-19 39 35
-19 41 10
-19 43 5
-19 45 4
-19 47 5
-19 49 8
-19 51 6
-19 53 7
-19 55 4
-19 57 4
-19 59 0
-17 -59 3
-17 -57 2
-17 -55 7
-17 -53 1
-17 -51 5
-17 -49 1
-17 -47 7
-17 -45 8
-17 -43 14
-17 -41 20
-17 -39 35
-17 -37 59
-17 -35 112
-17 -33 185
-17 -31 362
-17 -29 629
-17 -27 960
-17 -25 1424
-17 -23 2005
-17 -21 2559
-17 -19 3325
-17 -17 4200
-17 -15 5140
-17 -13 6095
-17 -11 7090
-17 -9 7800
-17 -7 8525
-17 -5 9250
-17 -3 9679
-17 -1 9937
-17 1 9851
-17 3 9709
-17 5 9588
-17 7 8824
-17 9 7932
-17 11 7068
-17 13 6242
-17 15 5240
-17 17 4415
-17 19 3550
-17 21 2785
-17 23 2134
-17 25 1552
-17 27 1052
-17 29 736
-17 31 484
-17 33 292
-17 35 166
-17 37 79
-17 39 46
-17 41 16
-17 43 6
-17 45 7
-17 47 13
-17 49 5
-17 51 5
-17 53 4
-17 55 3
-17 57 2
-17 59 4
-15 -59 1
-15 -57 5
-15 -55 3
-15 -53 5
-15 -51 4
-15 -49 3
-15 -47 7
-15 -45 5
-15 -43 10
-15 -41 32
-15 -39 37
-15 -37 65
-15 -35 109
-15 -33 240
-15 -31 440
-15 -29 652
-15 -27 1061
-15 -25 1502
-15 -23 2202
-15 -21 2865
-15 -19 3685
-15 -17 4430
-15 -15 5496
-15 -13 6485
-15 -11 7572
-15 -9 8621
-15 -7 9190
-15 -5 9843
-15 -3 10247
-15 -1 10606
-15 1 10437
-15 3 10360
-15 5 9964
-15 7 9441
-15 9 8697
-15 11 7516
-15 13 6672
-15 15 5755
-15 17 4728
-15 19 3900
-15 21 2989
-15 23 2304
-15 25 1759
-15 27 1259
-15 29 834
-15 31 539
-15 33 330
-15 35 177
-15 37 98
-15 39 43
-15 41 25
-15 43 17
-15 45 8
-15 47 5
-15 49 1
-15 51 4
-15 53 6
-15 55 4
-15 57 3
-15 59 1
-13 -59 0
-13 -57 4
-13 -55 0
-13 -53 2
-13 -51 2
-13 -49 4
-13 -47 4
-13 -45 10
-13 -43 21
-13 -41 17
-13 -39 33
-13 -37 71
-13 -35 129
-13 -33 258
-13 -31 501
-13 -29 777
-13 -27 1208
-13 -25 1687
-13 -23 2336
-13 -21 2939
-13 -19 3902
-13 -17 4878
-13 -15 5854
-13 -13 6970
-13 -11 7903
-13 -9 8784
-13 -7 9774
-13 -5 10337
-13 -3 10974
-13 -1 11250
-13 1 11312
-13 3 10805
-13 5 10490
-13 7 10051
-13 9 9175
-13 11 8000
-13 13 7184
-13 15 6000
-13 17 4993
-13 19 4077
-13 21 3242
-13 23 2521
-13 25 1846
-13 27 1307
-13 29 951
-13 31 611
-13 33 388
-13 35 215
-13 37 118
-13 39 49
-13 41 31
-13 43 15
-13 45 8
-13 47 8
-13 49 8
-13 51 7
-13 53 6
-13 55 3
-13 57 1
-13 59 5
-11 -59 3
-11 -57 2
-11 -55 2
-11 -53 2
-11 -51 1
-11 -49 7
-11 -47 6
-11 -45 7
-11 -43 19
-11 -41 22
-11 -39 52
-11 -37 92
-11 -35 154
-11 -33 316
-11 -31 509
-11 -29 799
-11 -27 1332
-11 -25 1892
-11 -23 2485
-11 -21 3240
-11 -19 4124
-11 -17 5245
-11 -15 6156
-11 -13 7354
-11 -11 8402
-11 -9 9533
-11 -7 10185
-11 -5 11013
-11 -3 11405
-11 -1 11629
-11 1 11491
-11 3 11708
-11 5 11169
-11 7 10360
-11 9 9515
-11 11 8593
-11 13 7502
-11 15 6387
-11 17 5320
-11 19 4341
-11 21 3533
-11 23 2680
-11 25 1978
-11 27 1423
-11 29 1002
-11 31 662
-11 33 403
-11 35 219
-11 37 106
-11 39 59
-11 41 41
-11 43 12
-11 45 17
-11 47 9
-11 49 7
-11 51 3
-11 53 3
-11 55 3
-11 57 3
-11 59 4
-9 -59 3
-9 -57 0
-9 -55 2
-9 -53 2
-9 -51 4
-9 -49 7
-9 -47 6
-9 -45 7
-9 -43 15
-9 -41 26
-9 -39 42
-9 -37 70
-9 -35 151
-9 -33 332
-9 -31 606
-9 -29 950
-9 -27 1348
-9 -25 1922
-9 -23 2699
-9 -21 3354
-9 -19 4471
-9 -17 5422
-9 -15 6584
-9 -13 7948
-9 -11 8929
-9 -9 9941
-9 -7 10787
-9 -5 11539
-9 -3 12136
-9 -1 12093
-9 1 12544
-9 3 12141
-9 5 11529
-9 7 10990
-9 9 9989
-9 11 8952
-9 13 7922
-9 15 6833
-9 17 5778
-9 19 4688
-9 21 3792
-9 23 2839
-9 25 2076
-9 27 1538
-9 29 1047
-9 31 681
-9 33 465
-9 35 234
-9 37 123
-9 39 80
-9 41 36
-9 43 17
-9 45 16
-9 47 9
-9 49 5
-9 51 3
-9 53 4
-9 55 2
-9 57 1
-9 59 1
-7 -59 3
-7 -57 4
-7 -55 2
-7 -53 0
-7 -51 1
-7 -49 6
-7 -47 5
-7 -45 8
-7 -43 6
-7 -41 32
-7 -39 38
-7 -37 105
-7 -35 181
-7 -33 397
-7 -31 618
-7 -29 994
-7 -27 1450
-7 -25 2065
-7 -23 2983
-7 -21 3696
-7 -19 4578
-7 -17 5773
-7 -15 6949
-7 -13 8265
-7 -11 9144
-7 -9 10366
-7 -7 11326
-7 -5 12159
-7 -3 12548
-7 -1 12770
-7 1 12921
-7 3 12441
-7 5 12151
-7 7 11293
-7 9 10480
-7 11 9403
-7 13 8511
-7 15 7066
-7 17 5963
-7 19 4874
-7 21 3946
-7 23 3045
-7 25 2292
-7 27 1725
-7 29 1194
-7 31 735
-7 33 457
-7 35 303
-7 37 169
-7 39 69
-7 41 37
-7 43 19
-7 45 18
-7 47 9
-7 49 1
-7 51 4
-7 53 2
-7 55 1
-7 57 1
-7 59 1
-5 -59 2
-5 -57 4
-5 -55 1
-5 -53 2
-5 -51 3
-5 -49 7
-5 -47 6
-5 -45 10
-5 -43 14
-5 -41 28
-5 -39 65
-5 -37 79
-5 -35 199
-5 -33 371
-5 -31 687
-5 -29 1060
-5 -27 1612
-5 -25 2197
-5 -23 2955
-5 -21 3972
-5 -19 4997
-5 -17 6026
-5 -15 7386
-5 -13 8545
-5 -11 9780
-5 -9 11010
-5 -7 11871
-5 -5 12556
-5 -3 13255
-5 -1 13456
-5 1 13494
-5 3 13292
-5 5 12713
-5 7 11963
-5 9 11004
-5 11 9664
-5 13 8836
-5 15 7600
-5 17 6359
-5 19 5204
-5 21 4113
-5 23 3267
-5 25 2421
-5 27 1803
-5 29 1273
-5 31 821
-5 33 518
-5 35 294
-5 37 162
-5 39 98
-5 41 38
-5 43 9
-5 45 10
-5 47 7
-5 49 3
-5 51 5
-5 53 2
-5 55 3
-5 57 1
-5 59 2
-3 -59 2
-3 -57 2
-3 -55 2
-3 -53 1
-3 -51 1
-3 -49 4
-3 -47 4
-3 -45 10
-3 -43 24
-3 -41 27
-3 -39 62
-3 -37 125
-3 -35 207
-3 -33 417
-3 -31 742
-3 -29 1145
-3 -27 1716
-3 -25 2403
-3 -23 3175
-3 -21 4117
-3 -19 5178
-3 -17 6320
-3 -15 7749
-3 -13 9065
-3 -11 10251
-3 -9 11459
-3 -7 12671
-3 -5 13074
-3 -3 13716
-3 -1 13847
-3 1 14208
-3 3 14085
-3 5 13385
-3 7 12587
-3 9 11737
-3 11 10518
-3 13 9298
-3 15 7785
-3 17 6713
-3 19 5381
-3 21 4350
-3 23 3515
-3 25 2622
-3 27 1858
-3 29 1352
-3 31 874
-3 33 522
-3 35 334
-3 37 160
-3 39 103
-3 41 36
-3 43 26
-3 45 14
-3 47 8
-3 49 4
-3 51 5
-3 53 5
-3 55 2
-3 57 2
-3 59 2
-1 -59 2
-1 -57 4
-1 -55 1
-1 -53 6
-1 -51 5
-1 -49 2
-1 -47 6
-1 -45 13
-1 -43 20
-1 -41 30
-1 -39 64
-1 -37 120
-1 -35 246
-1 -33 460
-1 -31 795
-1 -29 1203
-1 -27 1743
-1 -25 2567
-1 -23 3482
-1 -21 4476
-1 -19 5438
-1 -17 6951
-1 -15 8259
-1 -13 9599
-1 -11 10795
-1 -9 12062
-1 -7 13241
-1 -5 14028
-1 -3 14630
-1 -1 14813
-1 1 14739
-1 3 14361
-1 5 14008
-1 7 13207
-1 9 12098
-1 11 10969
-1 13 9546
-1 15 8205
-1 17 7000
-1 19 5902
-1 21 4692
-1 23 3593
-1 25 2777
-1 27 2061
-1 29 1406
-1 31 964
-1 33 600
-1 35 361
-1 37 175
-1 39 99
-1 41 45
-1 43 18
-1 45 11
-1 47 12
-1 49 7
-1 51 3
-1 53 3
-1 55 1
-1 57 3
-1 59 5
1 -59 1
1 -57 3
1 -55 2
1 -53 7
1 -51 5
1 -49 4
1 -47 8
1 -45 6
1 -43 9
1 -41 27
1 -39 75
1 -37 124
1 -35 261
1 -33 491
1 -31 782
1 -29 1290
1 -27 1965
1 -25 2776
1 -23 3621
1 -21 4688
1 -19 5911
1 -17 7172
1 -15 8943
1 -13 10148
1 -11 11411
1 -9 12762
1 -7 13908
1 -5 14791
1 -3 15199
1 -1 15753
1 1 15843
1 3 15413
1 5 14764
1 7 14172
1 9 12796
1 11 11682
1 13 10263
1 15 8927
1 17 7520
1 19 6318
1 21 5030
1 23 3868
1 25 2877
1 27 2164
1 29 1458
1 31 1015
1 33 661
1 35 351
1 37 183
1 39 111
1 41 51
1 43 29
1 45 10
1 47 8
1 49 7
1 51 6
1 53 4
1 55 6
1 57 5
1 59 2
3 -59 5
3 -57 3
3 -55 4
3 -53 6
3 -51 2
3 -49 1
3 -47 4
3 -45 10
3 -43 23
3 -41 36
3 -39 73
3 -37 135
3 -35 337
3 -33 572
3 -31 944
3 -29 1375
3 -27 2076
3 -25 2848
3 -23 3805
3 -21 5119
3 -19 6373
3 -17 7859
3 -15 9349
3 -13 10852
3 -11 12527
3 -9 13549
3 -7 14655
3 -5 15474
3 -3 16287
3 -1 16654
3 1 16534
3 3 16156
3 5 15464
3 7 14806
3 9 13658
3 11 12339
3 13 11084
3 15 9464
3 17 8065
3 19 6633
3 21 5284
3 23 4214
3 25 3138
3 27 2286
3 29 1603
3 31 1035
3 33 696
3 35 416
3 37 221
3 39 127
3 41 60
3 43 29
3 45 12
3 47 13
3 49 4
3 51 7
3 53 1
3 55 4
3 57 2
3 59 2
5 -59 1
5 -57 3
5 -55 3
5 -53 3
5 -51 6
5 -49 6
5 -47 7
5 -45 13
5 -43 19
5 -41 45
5 -39 73
5 -37 192
5 -35 334
5 -33 607
5 -31 970
5 -29 1476
5 -27 2257
5 -25 3040
5 -23 4199
5 -21 5346
5 -19 6776
5 -17 8266
5 -15 10007
5 -13 11488
5 -11 13125
5 -9 14396
5 -7 15509
5 -5 16565
5 -3 17205
5 -1 17649
5 1 17560
5 3 17204
5 5 16441
5 7 15705
5 9 14494
5 11 13117
5 13 11559
5 15 10130
5 17 8431
5 19 6987
5 21 5557
5 23 4371
5 25 3305
5 27 2492
5 29 1648
5 31 1131
5 33 683
5 35 459
5 37 241
5 39 133
5 41 67
5 43 27
5 45 19
5 47 14
5 49 4
5 51 6
5 53 3
5 55 2
5 57 0
5 59 3
7 -59 0
7 -57 2
7 -55 3
7 -53 4
7 -51 5
7 -49 7
7 -47 9
7 -45 14
7 -43 23
7 -41 33
7 -39 99
7 -37 194
7 -35 373
7 -33 611
7 -31 1019
7 -29 1569
7 -27 2408
7 -25 3395
7 -23 4391
7 -21 5777
7 -19 7241
7 -17 8998
7 -15 10758
7 -13 12400
7 -11 13975
7 -9 15641
7 -7 16964
7 -5 17876
7 -3 18461
7 -1 18782
7 1 18743
7 3 18440
7 5 17896
7 7 16851
7 9 15459
7 11 13870
7 13 12398
7 15 10831
7 17 9335
7 19 7554
7 21 6220
7 23 4851
7 25 3721
7 27 2582
7 29 1912
7 31 1285
7 33 825
7 35 516
7 37 271
7 39 174
7 41 74
7 43 39
7 45 17
7 47 13
7 49 6
7 51 6
7 53 10
7 55 2
7 57 2
7 59 2
9 -59 4
9 -57 3
9 -55 1
9 -53 3
9 -51 7
9 -49 12
9 -47 6
9 -45 10
9 -43 23
9 -41 50
9 -39 84
9 -37 199
9 -35 390
9 -33 704
9 -31 1134
9 -29 1761
9 -27 2569
9 -25 3538
9 -23 4965
9 -21 6235
9 -19 7953
9 -17 9398
9 -15 11435
9 -13 13306
9 -11 14937
9 -9 16573
9 -7 18127
9 -5 18956
9 -3 19614
9 -1 20139
9 1 20271
9 3 19766
9 5 18957
9 7 18105
9 9 16799
9 11 15000
9 13 13235
9 15 11592
9 17 9914
9 19 8234
9 21 6585
9 23 5198
9 25 3930
9 27 2869
9 29 2010
9 31 1324
9 33 935
9 35 540
9 37 291
9 39 146
9 41 90
9 43 42
9 45 11
9 47 9
9 49 10
9 51 2
9 53 0
9 55 3
9 57 5
9 59 4
11 -59 1
11 -57 2
11 -55 3
11 -53 2
11 -51 5
11 -49 4
11 -47 10
11 -45 9
11 -43 21
11 -41 46
11 -39 76
11 -37 202
11 -35 386
11 -33 664
11 -31 1154
11 -29 1870
11 -27 2855
11 -25 3895
11 -23 5240
11 -21 6910
11 -19 8414
11 -17 10521
11 -15 12412
11 -13 14300
11 -11 16352
11 -9 17880
11 -7 19381
11 -5 20228
11 -3 21114
11 -1 21301
11 1 21612
11 3 21298
11 5 20318
11 7 19449
11 9 17773
11 11 16065
11 13 14362
11 15 12724
11 17 10792
11 19 8908
11 21 7147
11 23 5526
11 25 4274
11 27 3121
11 29 2220
11 31 1455
11 33 924
11 35 569
11 37 326
11 39 167
11 41 78
11 43 36
11 45 26
11 47 12
11 49 12
11 51 5
11 53 6
11 55 4
11 57 2
11 59 2
13 -59 6
13 -57 7
13 -55 4
13 -53 4
13 -51 7
13 -49 8
13 -47 13
13 -45 14
13 -43 32
13 -41 49
13 -39 97
13 -37 226
13 -35 413
13 -33 789
13 -31 1268
13 -29 2017
13 -27 2993
13 -25 4149
13 -23 5635
13 -21 7447
13 -19 9185
13 -17 11102
13 -15 13114
13 -13 15149
13 -11 17363
13 -9 19075
13 -7 20834
13 -5 22008
13 -3 22779
13 -1 23150
13 1 22950
13 3 22468
13 5 21861
13 7 20589
13 9 19138
13 11 17522
13 13 15369
13 15 13174
13 17 11531
13 19 9503
13 21 7669
13 23 5927
13 25 4636
13 27 3410
13 29 2359
13 31 1605
13 33 988
13 35 595
13 37 333
13 39 173
13 41 80
13 43 41
13 45 16
13 47 14
13 49 7
13 51 5
13 53 5
13 55 3
13 57 3
13 59 1
15 -59 1
15 -57 2
15 -55 4
15 -53 2
15 -51 4
15 -49 7
15 -47 4
15 -45 14
15 -43 28
15 -41 64
15 -39 101
15 -37 200
15 -35 439
15 -33 799
15 -31 1414
15 -29 2172
15 -27 3102
15 -25 4339
15 -23 5870
15 -21 7621
15 -19 9562
15 -17 11884
15 -15 14004
15 -13 16175
15 -11 18318
15 -9 20212
15 -7 21505
15 -5 23147
15 -3 24022
15 -1 24608
15 1 24540
15 3 23728
15 5 23095
15 7 21833
15 9 20120
15 11 18467
15 13 16416
15 15 14139
15 17 12111
15 19 10072
15 21 8165
15 23 6230
15 25 4952
15 27 3501
15 29 2565
15 31 1679
15 33 1107
15 35 663
15 37 382
15 39 181
15 41 87
15 43 38
15 45 16
15 47 11
15 49 7
15 51 7
15 53 4
15 55 3
15 57 6
15 59 6
17 -59 2
17 -57 2
17 -55 1
17 -53 5
17 -51 3
17 -49 4
17 -47 4
17 -45 17
17 -43 22
17 -41 57
17 -39 128
17 -37 243
17 -35 478
17 -33 841
17 -31 1377
17 -29 2281
17 -27 3274
17 -25 4719
17 -23 6338
17 -21 8057
17 -19 9835
17 -17 12219
17 -15 14412
17 -13 16887
17 -11 19059
17 -9 20932
17 -7 22793
17 -5 23751
17 -3 24903
17 -1 25190
17 1 25304
17 3 24949
17 5 23922
17 7 22592
17 9 21077
17 11 19016
17 13 16991
17 15 14646
17 17 12347
17 19 10422
17 21 8442
17 23 6813
17 25 5090
17 27 3788
17 29 2548
17 31 1835
17 33 1169
17 35 664
17 37 402
17 39 205
17 41 82
17 43 37
17 45 25
17 47 12
17 49 9
17 51 6
17 53 4
17 55 4
17 57 3
17 59 4
19 -59 0
19 -57 5
19 -55 1
19 -53 3
19 -51 7
19 -49 11
19 -47 10
19 -45 28
19 -43 30
19 -41 66
19 -39 122
19 -37 245
19 -35 459
19 -33 840
19 -31 1439
19 -29 2399
19 -27 3322
19 -25 4636
19 -23 6318
19 -21 8090
19 -19 10224
19 -17 12348
19 -15 14602
19 -13 16830
19 -11 19219
19 -9 21491
19 -7 22833
19 -5 24252
19 -3 25112
19 -1 25563
19 1 25562
19 3 25005
19 5 24180
19 7 23107
19 9 21150
19 11 19193
19 13 17142
19 15 15008
19 17 12810
19 19 10667
19 21 8720
19 23 6723
19 25 5303
19 27 3848
19 29 2679
19 31 1804
19 33 1211
19 35 692
19 37 403
19 39 198
19 41 89
19 43 34
19 45 31
19 47 6
19 49 8
19 51 7
19 53 8
19 55 2
19 57 3
19 59 6
21 -59 1
21 -57 3
21 -55 3
21 -53 1
21 -51 8
21 -49 7
21 -47 13
21 -45 14
21 -43 33
21 -41 60
21 -39 122
21 -37 168
21 -35 438
21 -33 826
21 -31 1464
21 -29 2316
21 -27 3220
21 -25 4582
21 -23 6098
21 -21 8078
21 -19 9830
21 -17 12151
21 -15 14399
21 -13 16844
21 -11 18804
21 -9 20764
21 -7 22821
21 -5 23716
21 -3 24749
21 -1 25155
21 1 24961
21 3 24788
21 5 23665
21 7 22546
21 9 20720
21 11 18911
21 13 16787
21 15 14729
21 17 12508
21 19 10334
21 21 8483
21 23 6654
21 25 5136
21 27 3792
21 29 2619
21 31 1747
21 33 1209
21 35 657
21 37 357
21 39 157
21 41 90
21 43 40
21 45 21
21 47 15
21 49 8
21 51 9
21 53 4
21 55 6
21 57 4
21 59 2
23 -59 2
23 -57 4
23 -55 1
23 -53 2
23 -51 5
23 -49 11
23 -47 8
23 -45 15
23 -43 28
23 -41 48
23 -39 103
23 -37 200
23 -35 414
23 -33 772
23 -31 1376
23 -29 2107
23 -27 3023
23 -25 4395
23 -23 5756
23 -21 7554
23 -19 9484
23 -17 11270
23 -15 13561
23 -13 15824
23 -11 17873
23 -9 19845
23 -7 21554
23 -5 22402
23 -3 23518
23 -1 24114
23 1 23961
23 3 23483
23 5 22494
23 7 21483
23 9 19981
23 11 18287
23 13 16033
23 15 14092
23 17 11958
23 19 9930
23 21 7808
23 23 6342
23 25 4850
23 27 3594
23 29 2588
23 31 1720
23 33 1037
23 35 633
23 37 322
23 39 171
23 41 82
23 43 40
23 45 19
23 47 13
23 49 6
23 51 1
23 53 4
23 55 8
23 57 4
23 59 3
25 -59 0
25 -57 3
25 -55 2
25 -53 5
25 -51 5
25 -49 2
25 -47 8
25 -45 13
25 -43 25
25 -41 39
25 -39 94
25 -37 187
25 -35 334
25 -33 645
25 -31 1131
25 -29 1941
25 -27 2769
25 -25 3869
25 -23 5133
25 -21 6899
25 -19 8718
25 -17 10287
25 -15 12444
25 -13 14250
25 -11 16480
25 -9 18129
25 -7 19341
25 -5 20772
25 -3 21535
25 -1 21760
25 1 21896
25 3 21601
25 5 20573
25 7 19830
25 9 18105
25 11 16838
25 13 14712
25 15 12815
25 17 10918
25 19 9232
25 21 7248
25 23 5747
25 25 4434
25 27 3100
25 29 2182
25 31 1520
25 33 974
25 35 551
25 37 299
25 39 150
25 41 39
25 43 40
25 45 18
25 47 8
25 49 7
25 51 7
25 53 6
25 55 2
25 57 6
25 59 5
27 -59 5
27 -57 1
27 -55 5
27 -53 3
27 -51 10
27 -49 7
27 -47 11
27 -45 15
27 -43 18
27 -41 41
27 -39 76
27 -37 149
27 -35 268
27 -33 541
27 -31 962
27 -29 1576
27 -27 2278
27 -25 3319
27 -23 4502
27 -21 5964
27 -19 7417
27 -17 9085
27 -15 10979
27 -13 12917
27 -11 14457
27 -9 15914
27 -7 17403
27 -5 18421
27 -3 18936
27 -1 19659
27 1 19410
27 3 19220
27 5 18517
27 7 17618
27 9 16313
27 11 14546
27 13 13127
27 15 11522
27 17 9572
27 19 8094
27 21 6492
27 23 5096
27 25 3937
27 27 2702
27 29 2002
27 31 1237
27 33 777
27 35 442
27 37 250
27 39 132
27 41 58
27 43 31
27 45 20
27 47 5
27 49 11
27 51 8
27 53 5
27 55 8
27 57 2
27 59 2
29 -59 2
29 -57 2
29 -55 6
29 -53 3
29 -51 4
29 -49 5
29 -47 10
29 -45 15
29 -43 21
29 -41 46
29 -39 68
29 -37 138
29 -35 234
29 -33 432
29 -31 822
29 -29 1188
29 -27 1892
29 -25 2799
29 -23 3716
29 -21 4893
29 -19 6361
29 -17 7617
29 -15 9373
29 -13 10648
29 -11 12268
29 -9 13525
29 -7 14658
29 -5 15733
29 -3 16690
29 -1 16998
29 1 16770
29 3 16369
29 5 15800
29 7 15061
29 9 14030
29 11 12502
29 13 11396
29 15 9843
29 17 8152
29 19 6982
29 21 5427
29 23 4273
29 25 3251
29 27 2323
29 29 1660
29 31 1002
29 33 617
29 35 360
29 37 218
29 39 110
29 41 57
29 43 20
29 45 13
29 47 13
29 49 4
29 51 9
29 53 7
29 55 6
29 57 2
29 59 3
31 -59 2
31 -57 3
31 -55 3
31 -53 4
31 -51 2
31 -49 4
31 -47 4
31 -45 12
31 -43 25
31 -41 33
31 -39 64
31 -37 114
31 -35 201
31 -33 334
31 -31 552
31 -29 895
31 -27 1456
31 -25 2101
31 -23 2943
31 -21 4027
31 -19 5165
31 -17 6250
31 -15 7788
31 -13 8927
31 -11 10118
31 -9 11279
31 -7 12366
31 -5 13044
31 -3 13546
31 -1 13849
31 1 13590
31 3 13830
31 5 13281
31 7 12684
31 9 11487
31 11 10492
31 13 9389
31 15 7895
31 17 6849
31 19 5503
31 21 4563
31 23 3381
31 25 2539
31 27 1794
31 29 1225
31 31 796
31 33 474
31 35 312
31 37 149
31 39 79
31 41 51
31 43 23
31 45 20
31 47 13
31 49 12
31 51 7
31 53 1
31 55 5
31 57 1
31 59 2
33 -59 4
33 -57 1
33 -55 6
33 -53 1
33 -51 1
33 -49 6
33 -47 10
33 -45 7
33 -43 19
33 -41 30
33 -39 49
33 -37 97
33 -35 133
33 -33 241
33 -31 389
33 -29 702
33 -27 1100
33 -25 1603
33 -23 2240
33 -21 3029
33 -19 3969
33 -17 5115
33 -15 6101
33 -13 7248
33 -11 7937
33 -9 8981
33 -7 10199
33 -5 10715
33 -3 11099
33 -1 11532
33 1 11364
33 3 11155
33 5 10897
33 7 10116
33 9 9297
33 11 8426
33 13 7308
33 15 6522
33 17 5403
33 19 4459
33 21 3460
33 23 2705
33 25 2041
33 27 1392
33 29 951
33 31 579
33 33 342
33 35 210
33 37 119
33 39 67
33 41 27
33 43 22
33 45 16
33 47 10
33 49 11
33 51 9
33 53 1
33 55 2
33 57 3
33 59 1
35 -59 1
35 -57 3
35 -55 2
35 -53 2
35 -51 4
35 -49 5
35 -47 5
35 -45 13
35 -43 18
35 -41 30
35 -39 33
35 -37 80
35 -35 114
35 -33 174
35 -31 303
35 -29 515
35 -27 746
35 -25 1145
35 -23 1735
35 -21 2229
35 -19 2958
35 -17 3925
35 -15 4728
35 -13 5346
35 -11 6508
35 -9 7216
35 -7 7891
35 -5 8552
35 -3 8768
35 -1 8885
35 1 8702
35 3 8736
35 5 8466
35 7 7954
35 9 7453
35 11 6751
35 13 5712
35 15 4990
35 17 4128
35 19 3345
35 21 2679
35 23 1998
35 25 1433
35 27 1044
35 29 624
35 31 392
35 33 247
35 35 135
35 37 94
35 39 58
35 41 29
35 43 17
35 45 10
35 47 12
35 49 8
35 51 4
35 53 2
35 55 5
35 57 1
35 59 3
37 -59 2
37 -57 2
37 -55 5
37 -53 6
37 -51 4
37 -49 3
37 -47 8
37 -45 14
37 -43 11
37 -41 25
37 -39 27
37 -37 55
37 -35 77
37 -33 127
37 -31 192
37 -29 295
37 -27 502
37 -25 835
37 -23 1148
37 -21 1601
37 -19 2072
37 -17 2826
37 -15 3408
37 -13 4094
37 -11 4835
37 -9 5308
37 -7 5734
37 -5 6353
37 -3 6746
37 -1 6872
37 1 6809
37 3 6731
37 5 6364
37 7 5943
37 9 5740
37 11 4953
37 13 4302
37 15 3736
37 17 3048
37 19 2428
37 21 2017
37 23 1504
37 25 987
37 27 653
37 29 480
37 31 255
37 33 189
37 35 99
37 37 76
37 39 33
37 41 25
37 43 18
37 45 11
37 47 10
37 49 5
37 51 3
37 53 2
37 55 4
37 57 2
37 59 2
39 -59 1
39 -57 2
39 -55 2
39 -53 4
39 -51 3
39 -49 3
39 -47 4
39 -45 9
39 -43 15
39 -41 16
39 -39 29
39 -37 44
39 -35 50
39 -33 93
39 -31 143
39 -29 218
39 -27 356
39 -25 514
39 -23 777
39 -21 1087
39 -19 1407
39 -17 1944
39 -15 2356
39 -13 2878
39 -11 3258
39 -9 3771
39 -7 4198
39 -5 4509
39 -3 4745
39 -1 5182
39 1 5060
39 3 4899
39 5 4669
39 7 4403
39 9 4000
39 11 3688
39 13 3164
39 15 2558
39 17 2090
39 19 1764
39 21 1315
39 23 921
39 25 650
39 27 485
39 29 298
39 31 233
39 33 129
39 35 81
39 37 53
39 39 36
39 41 18
39 43 14
39 45 15
39 47 5
39 49 10
39 51 7
39 53 2
39 55 2
39 57 3
39 59 2
41 -59 1
41 -57 2
41 -55 3
41 -53 2
41 -51 4
41 -49 5
41 -47 4
41 -45 4
41 -43 12
41 -41 13
41 -39 26
41 -37 30
41 -35 52
41 -33 70
41 -31 104
41 -29 156
41 -27 233
41 -25 336
41 -23 470
41 -21 667
41 -19 893
41 -17 1210
41 -15 1566
41 -13 1919
41 -11 2283
41 -9 2682
41 -7 2981
41 -5 3174
41 -3 3404
41 -1 3454
41 1 3501
41 3 3504
41 5 3244
41 7 2978
41 9 2768
41 11 2442
41 13 2079
41 15 1807
41 17 1414
41 19 1151
41 21 784
41 23 623
41 25 459
41 27 290
41 29 204
41 31 133
41 33 89
41 35 64
41 37 53
41 39 27
41 41 17
41 43 9
41 45 6
41 47 10
41 49 6
41 51 4
41 53 4
41 55 1
41 57 1
41 59 1
43 -59 1
43 -57 1
43 -55 2
43 -53 3
43 -51 3
43 -49 3
43 -47 7
43 -45 11
43 -43 6
43 -41 13
43 -39 12
43 -37 23
43 -35 37
43 -33 44
43 -31 79
43 -29 111
43 -27 160
43 -25 198
43 -23 323
43 -21 432
43 -19 547
43 -17 715
43 -15 992
43 -13 1201
43 -11 1513
43 -9 1737
43 -7 1857
43 -5 2075
43 -3 2156
43 -1 2239
43 1 2230
43 3 2214
43 5 2124
43 7 2022
43 9 1800
43 11 1549
43 13 1299
43 15 1069
43 17 874
43 19 655
43 21 537
43 23 418
43 25 285
43 27 180
43 29 135
43 31 88
43 33 72
43 35 48
43 37 40
43 39 23
43 41 24
43 43 9
43 45 11
43 47 6
43 49 2
43 51 5
43 53 2
43 55 1
43 57 3
43 59 1
45 -59 2
45 -57 0
45 -55 1
45 -53 0
45 -51 3
45 -49 2
45 -47 1
45 -45 5
45 -43 13
45 -41 8
45 -39 13
45 -37 21
45 -35 25
45 -33 56
45 -31 50
45 -29 83
45 -27 89
45 -25 136
45 -23 178
45 -21 273
45 -19 345
45 -17 493
45 -15 556
45 -13 790
45 -11 915
45 -9 1035
45 -7 1169
45 -5 1311
45 -3 1341
45 -1 1342
45 1 1357
45 3 1352
45 5 1364
45 7 1209
45 9 1107
45 11 948
45 13 837
45 15 722
45 17 564
45 19 437
45 21 342
45 23 221
45 25 196
45 27 147
45 29 87
45 31 59
45 33 47
45 35 23
45 37 14
45 39 16
45 41 16
45 43 9
45 45 6
45 47 3
45 49 3
45 51 1
45 53 2
45 55 3
45 57 3
45 59 0
47 -59 1
47 -57 1
47 -55 0
47 -53 0
47 -51 0
47 -49 0
47 -47 0
47 -45 0
47 -43 7
47 -41 8
47 -39 9
47 -37 13
47 -35 17
47 -33 34
47 -31 45
47 -29 39
47 -27 77
47 -25 93
47 -23 120
47 -21 161
47 -19 238
47 -17 273
47 -15 376
47 -13 459
47 -11 503
47 -9 666
47 -7 696
47 -5 735
47 -3 780
47 -1 848
47 1 825
47 3 788
47 5 752
47 7 760
47 9 667
47 11 571
47 13 480
47 15 433
47 17 345
47 19 283
47 21 186
47 23 152
47 25 114
47 27 82
47 29 57
47 31 49
47 33 32
47 35 25
47 37 22
47 39 14
47 41 16
47 43 16
47 45 0
47 47 0
47 49 0
47 51 0
47 53 0
47 55 0
47 57 2
47 59 1
49 -59 0
49 -57 0
49 -55 0
49 -53 0
49 -51 0
49 -49 0
49 -47 1
49 -45 3
49 -43 3
49 -41 3
49 -39 6
49 -37 9
49 -35 12
49 -33 16
49 -31 22
49 -29 41
49 -27 51
49 -25 84
49 -23 97
49 -21 115
49 -19 158
49 -17 173
49 -15 193
49 -13 251
49 -11 302
49 -9 356
49 -7 424
49 -5 416
49 -3 422
49 -1 463
49 1 468
49 3 496
49 5 467
49 7 468
49 9 410
49 11 324
49 13 289
49 15 247
49 17 201
49 19 163
49 21 125
49 23 87
49 25 92
49 27 53
49 29 44
49 31 29
49 33 21
49 35 20
49 37 18
49 39 9
49 41 11
49 43 9
49 45 7
49 47 0
49 49 0
49 51 0
49 53 0
49 55 0
49 57 1
49 59 0
51 -59 0
51 -57 0
51 -55 0
51 -53 0
51 -51 0
51 -49 0
51 -47 2
51 -45 3
51 -43 3
51 -41 3
51 -39 7
51 -37 7
51 -35 8
51 -33 15
51 -31 15
51 -29 26
51 -27 34
51 -25 41
51 -23 61
51 -21 72
51 -19 87
51 -17 97
51 -15 143
51 -13 161
51 -11 167
51 -9 222
51 -7 237
51 -5 270
51 -3 246
51 -1 277
51 1 295
51 3 280
51 5 283
51 7 256
51 9 231
51 11 197
51 13 191
51 15 160
51 17 132
51 19 110
51 21 91
51 23 69
51 25 42
51 27 42
51 29 25
51 31 21
51 33 22
51 35 15
51 37 12
51 39 6
51 41 10
51 43 6
51 45 5
51 47 2
51 49 0
51 51 0
51 53 0
51 55 0
51 57 0
51 59 0
53 -59 0
53 -57 0
53 -55 0
53 -53 0
53 -51 0
53 -49 3
53 -47 4
53 -45 1
53 -43 6
53 -41 2
53 -39 5
53 -37 7
53 -35 6
53 -33 21
53 -31 15
53 -29 19
53 -27 31
53 -25 31
53 -23 30
53 -21 47
53 -19 52
53 -17 69
53 -15 85
53 -13 83
53 -11 108
53 -9 118
53 -7 145
53 -5 166
53 -3 154
53 -1 154
53 1 150
53 3 159
53 5 124
53 7 158
53 9 130
53 11 116
53 13 102
53 15 93
53 17 84
53 19 69
53 21 51
53 23 47
53 25 29
53 27 25
53 29 21
53 31 18
53 33 9
53 35 10
53 37 6
53 39 4
53 41 5
53 43 6
53 45 4
53 47 4
53 49 1
53 51 0
53 53 0
53 55 0
53 57 0
53 59 0
55 -59 0
55 -57 0
55 -55 0
55 -53 0
55 -51 0
55 -49 0
55 -47 1
55 -45 1
55 -43 3
55 -41 4
55 -39 4
55 -37 6
55 -35 4
55 -33 12
55 -31 9
55 -29 8
55 -27 17
55 -25 16
55 -23 20
55 -21 38
55 -19 45
55 -17 44
55 -15 46
55 -13 47
55 -11 65
55 -9 70
55 -7 99
55 -5 86
55 -3 96
55 -1 95
55 1 93
55 3 107
55 5 86
55 7 90
55 9 101
55 11 54
55 13 68
55 15 62
55 17 67
55 19 42
55 21 26
55 23 19
55 25 14
55 27 17
55 29 20
55 31 10
55 33 14
55 35 9
55 37 6
55 39 5
55 41 4
55 43 3
55 45 4
55 47 1
55 49 3
55 51 0
55 53 0
55 55 0
55 57 0
55 59 0
57 -59 0
57 -57 0
57 -55 0
57 -53 0
57 -51 0
57 -49 3
57 -47 1
57 -45 3
57 -43 4
57 -41 1
57 -39 3
57 -37 7
57 -35 8
57 -33 4
57 -31 4
57 -29 10
57 -27 10
57 -25 12
57 -23 12
57 -21 20
57 -19 23
57 -17 28
57 -15 34
57 -13 44
57 -11 42
57 -9 36
57 -7 60
57 -5 49
57 -3 60
57 -1 54
57 1 54
57 3 55
57 5 67
57 7 49
57 9 47
57 11 58
57 13 37
57 15 27
57 17 28
57 19 19
57 21 21
57 23 13
57 25 8
57 27 16
57 29 11
57 31 10
57 33 3
57 35 10
57 37 2
57 39 2
57 41 4
57 43 4
57 45 5
57 47 1
57 49 2
57 51 0
57 53 0
57 55 0
57 57 0
57 59 0
59 -59 0
59 -57 0
59 -55 0
59 -53 0
59 -51 0
59 -49 1
59 -47 0
59 -45 4
59 -43 1
59 -41 2
59 -39 2
59 -37 1
59 -35 3
59 -33 4
59 -31 7
59 -29 9
59 -27 5
59 -25 8
59 -23 13
59 -21 19
59 -19 20
59 -17 16
59 -15 31
59 -13 14
59 -11 21
59 -9 25
59 -7 30
59 -5 25
59 -3 30
59 -1 24
59 1 36
59 3 31
59 5 44
59 7 35
59 9 36
59 11 29
59 13 30
59 15 18
59 17 25
59 19 20
59 21 14
59 23 19
59 25 9
59 27 8
59 29 8
59 31 5
59 33 5
59 35 8
59 37 6
59 39 3
59 41 4
59 43 2
59 45 1
59 47 3
59 49 4
59 51 0
59 53 0
59 55 0
59 57 0
59 59 0