-59 -59 0
-59 -57 0
-59 -55 0
-59 -53 0
-59 -51 0
-59 -49 16
-59 -47 10
-59 -45 2
-59 -43 6
-59 -41 3
-59 -39 2
-59 -37 4
-59 -35 6
-59 -33 4
-59 -31 8
-59 -29 15
-59 -27 23
-59 -25 20
-59 -23 40
-59 -21 43
-59 -19 51
-59 -17 58
-59 -15 57
-59 -13 73
-59 -11 72
-59 -9 73
-59 -7 72
-59 -5 108
-59 -3 84
-59 -1 109
-59 1 88
-59 3 88
-59 5 77
-59 7 82
-59 9 72
-59 11 53
-59 13 62
-59 15 65
-59 17 46
-59 19 59
-59 21 37
-59 23 29
-59 25 30
-59 27 18
-59 29 13
-59 31 6
-59 33 4
-59 35 5
-59 37 0
-59 39 2
-59 41 1
-59 43 3
-59 45 3
-59 47 5
-59 49 5
-59 51 0
-59 53 0
-59 55 0
-59 57 0
-59 59 0
-57 -59 0
-57 -57 0
-57 -55 0
-57 -53 0
-57 -51 0
-57 -49 11
-57 -47 10
-57 -45 4
-57 -43 4
-57 -41 1
-57 -39 3
-57 -37 4
-57 -35 2
-57 -33 6
-57 -31 8
-57 -29 10
-57 -27 16
-57 -25 22
-57 -23 25
-57 -21 50
-57 -19 53
-57 -17 56
-57 -15 52
-57 -13 76
-57 -11 61
-57 -9 82
-57 -7 85
-57 -5 100
-57 -3 93
-57 -1 80
-57 1 75
-57 3 94
-57 5 91
-57 7 94
-57 9 84
-57 11 71
-57 13 70
-57 15 62
-57 17 48
-57 19 34
-57 21 34
-57 23 28
-57 25 22
-57 27 12
-57 29 10
-57 31 8
-57 33 2
-57 35 2
-57 37 3
-57 39 2
-57 41 4
-57 43 2
-57 45 3
-57 47 9
-57 49 7
-57 51 0
-57 53 0
-57 55 0
-57 57 0
-57 59 0
-55 -59 0
-55 -57 0
-55 -55 0
-55 -53 0
-55 -51 0
-55 -49 12
-55 -47 8
-55 -45 4
-55 -43 6
-55 -41 3
-55 -39 3
-55 -37 0
-55 -35 3
-55 -33 3
-55 -31 11
-55 -29 7
-55 -27 16
-55 -25 25
-55 -23 25
-55 -21 30
-55 -19 25
-55 -17 53
-55 -15 61
-55 -13 74
-55 -11 91
-55 -9 100
-55 -7 94
-55 -5 94
-55 -3 87
-55 -1 95
-55 1 83
-55 3 97
-55 5 96
-55 7 71
-55 9 88
-55 11 86
-55 13 80
-55 15 42
-55 17 56
-55 19 46
-55 21 34
-55 23 31
-55 25 23
-55 27 15
-55 29 17
-55 31 6
-55 33 0
-55 35 4
-55 37 0
-55 39 5
-55 41 3
-55 43 3
-55 45 10
-55 47 10
-55 49 9
-55 51 1
-55 53 0
-55 55 0
-55 57 0
-55 59 0
-53 -59 0
-53 -57 0
-53 -55 0
-53 -53 0
-53 -51 0
-53 -49 15
-53 -47 12
-53 -45 6
-53 -43 4
-53 -41 4
-53 -39 2
-53 -37 3
-53 -35 2
-53 -33 4
-53 -31 3
-53 -29 10
-53 -27 8
-53 -25 23
-53 -23 27
-53 -21 26
-53 -19 32
-53 -17 45
-53 -15 81
-53 -13 74
-53 -11 59
-53 -9 90
-53 -7 92
-53 -5 98
-53 -3 108
-53 -1 103
-53 1 96
-53 3 97
-53 5 91
-53 7 97
-53 9 95
-53 11 75
-53 13 69
-53 15 65
-53 17 40
-53 19 49
-53 21 33
-53 23 26
-53 25 18
-53 27 7
-53 29 8
-53 31 9
-53 33 4
-53 35 3
-53 37 3
-53 39 1
-53 41 5
-53 43 5
-53 45 7
-53 47 8
-53 49 12
-53 51 0
-53 53 0
-53 55 0
-53 57 0
-53 59 0
-51 -59 0
-51 -57 0
-51 -55 0
-51 -53 0
-51 -51 0
-51 -49 0
-51 -47 11
-51 -45 12
-51 -43 7
-51 -41 2
-51 -39 1
-51 -37 3
-51 -35 2
-51 -33 8
-51 -31 6
-51 -29 5
-51 -27 16
-51 -25 15
-51 -23 34
-51 -21 24
-51 -19 51
-51 -17 59
-51 -15 66
-51 -13 74
-51 -11 89
-51 -9 85
-51 -7 95
-51 -5 110
-51 -3 120
-51 -1 97
-51 1 113
-51 3 118
-51 5 99
-51 7 93
-51 9 83
-51 11 96
-51 13 80
-51 15 62
-51 17 48
-51 19 50
-51 21 44
-51 23 26
-51 25 16
-51 27 13
-51 29 10
-51 31 4
-51 33 2
-51 35 1
-51 37 3
-51 39 2
-51 41 3
-51 43 4
-51 45 18
-51 47 10
-51 49 3
-51 51 0
-51 53 0
-51 55 0
-51 57 0
-51 59 0
-49 -59 0
-49 -57 0
-49 -55 0
-49 -53 0
-49 -51 0
-49 -49 0
-49 -47 3
-49 -45 9
-49 -43 7
-49 -41 4
-49 -39 5
-49 -37 6
-49 -35 0
-49 -33 8
-49 -31 6
-49 -29 9
-49 -27 19
-49 -25 19
-49 -23 27
-49 -21 31
-49 -19 41
-49 -17 56
-49 -15 71
-49 -13 66
-49 -11 81
-49 -9 99
-49 -7 115
-49 -5 119
-49 -3 122
-49 -1 114
-49 1 134
-49 3 140
-49 5 103
-49 7 115
-49 9 102
-49 11 103
-49 13 77
-49 15 63
-49 17 55
-49 19 54
-49 21 48
-49 23 29
-49 25 22
-49 27 22
-49 29 5
-49 31 4
-49 33 3
-49 35 1
-49 37 4
-49 39 6
-49 41 6
-49 43 18
-49 45 7
-49 47 1
-49 49 0
-49 51 0
-49 53 0
-49 55 0
-49 57 0
-49 59 0
-47 -59 0
-47 -57 0
-47 -55 0
-47 -53 0
-47 -51 0
-47 -49 0
-47 -47 0
-47 -45 1
-47 -43 11
-47 -41 9
-47 -39 4
-47 -37 6
-47 -35 1
-47 -33 8
-47 -31 9
-47 -29 13
-47 -27 19
-47 -25 24
-47 -23 34
-47 -21 50
-47 -19 42
-47 -17 60
-47 -15 76
-47 -13 93
-47 -11 110
-47 -9 111
-47 -7 121
-47 -5 139
-47 -3 142
-47 -1 144
-47 1 128
-47 3 152
-47 5 138
-47 7 106
-47 9 132
-47 11 93
-47 13 85
-47 15 81
-47 17 70
-47 19 43
-47 21 46
-47 23 29
-47 25 20
-47 27 17
-47 29 12
-47 31 3
-47 33 3
-47 35 2
-47 37 2
-47 39 12
-47 41 9
-47 43 12
-47 45 5
-47 47 0
-47 49 0
-47 51 0
-47 53 0
-47 55 0
-47 57 0
-47 59 0
-45 -59 0
-45 -57 0
-45 -55 0
-45 -53 0
-45 -51 0
-45 -49 0
-45 -47 0
-45 -45 2
-45 -43 14
-45 -41 17
-45 -39 9
-45 -37 4
-45 -35 5
-45 -33 3
-45 -31 9
-45 -29 10
-45 -27 13
-45 -25 28
-45 -23 38
-45 -21 52
-45 -19 56
-45 -17 61
-45 -15 91
-45 -13 102
-45 -11 130
-45 -9 141
-45 -7 162
-45 -5 193
-45 -3 186
-45 -1 206
-45 1 175
-45 3 196
-45 5 183
-45 7 145
-45 9 151
-45 11 113
-45 13 107
-45 15 81
-45 17 71
-45 19 58
-45 21 55
-45 23 30
-45 25 28
-45 27 18
-45 29 11
-45 31 7
-45 33 2
-45 35 6
-45 37 13
-45 39 19
-45 41 16
-45 43 10
-45 45 1
-45 47 0
-45 49 0
-45 51 0
-45 53 0
-45 55 0
-45 57 0
-45 59 0
-43 -59 0
-43 -57 0
-43 -55 1
-43 -53 1
-43 -51 0
-43 -49 1
-43 -47 10
-43 -45 14
-43 -43 19
-43 -41 16
-43 -39 21
-43 -37 0
-43 -35 6
-43 -33 8
-43 -31 7
-43 -29 9
-43 -27 16
-43 -25 29
-43 -23 35
-43 -21 53
-43 -19 63
-43 -17 87
-43 -15 107
-43 -13 142
-43 -11 195
-43 -9 235
-43 -7 261
-43 -5 295
-43 -3 308
-43 -1 314
-43 1 322
-43 3 292
-43 5 273
-43 7 257
-43 9 184
-43 11 187
-43 13 137
-43 15 120
-43 17 76
-43 19 61
-43 21 40
-43 23 31
-43 25 30
-43 27 11
-43 29 14
-43 31 4
-43 33 4
-43 35 4
-43 37 8
-43 39 15
-43 41 27
-43 43 16
-43 45 12
-43 47 7
-43 49 2
-43 51 1
-43 53 0
-43 55 0
-43 57 0
-43 59 0
-41 -59 0
-41 -57 0
-41 -55 2
-41 -53 1
-41 -51 3
-41 -49 8
-41 -47 9
-41 -45 18
-41 -43 24
-41 -41 22
-41 -39 8
-41 -37 7
-41 -35 3
-41 -33 6
-41 -31 8
-41 -29 15
-41 -27 13
-41 -25 28
-41 -23 56
-41 -21 78
-41 -19 90
-41 -17 116
-41 -15 176
-41 -13 240
-41 -11 330
-41 -9 424
-41 -7 505
-41 -5 619
-41 -3 625
-41 -1 695
-41 1 668
-41 3 663
-41 5 614
-41 7 569
-41 9 423
-41 11 347
-41 13 259
-41 15 181
-41 17 120
-41 19 80
-41 21 60
-41 23 43
-41 25 40
-41 27 17
-41 29 14
-41 31 14
-41 33 7
-41 35 2
-41 37 9
-41 39 20
-41 41 19
-41 43 27
-41 45 13
-41 47 8
-41 49 4
-41 51 3
-41 53 1
-41 55 1
-41 57 1
-41 59 0
-39 -59 3
-39 -57 1
-39 -55 3
-39 -53 4
-39 -51 4
-39 -49 5
-39 -47 7
-39 -45 20
-39 -43 19
-39 -41 14
-39 -39 8
-39 -37 9
-39 -35 4
-39 -33 7
-39 -31 13
-39 -29 16
-39 -27 32
-39 -25 46
-39 -23 58
-39 -21 81
-39 -19 164
-39 -17 216
-39 -15 330
-39 -13 507
-39 -11 696
-39 -9 1003
-39 -7 1125
-39 -5 1219
-39 -3 1375
-39 -1 1469
-39 1 1357
-39 3 1462
-39 5 1280
-39 7 1174
-39 9 987
-39 11 737
-39 13 479
-39 15 334
-39 17 179
-39 19 133
-39 21 82
-39 23 67
-39 25 42
-39 27 20
-39 29 23
-39 31 5
-39 33 9
-39 35 5
-39 37 12
-39 39 12
-39 41 17
-39 43 21
-39 45 8
-39 47 7
-39 49 4
-39 51 4
-39 53 2
-39 55 0
-39 57 0
-39 59 0
-37 -59 0
-37 -57 1
-37 -55 2
-37 -53 3
-37 -51 2
-37 -49 5
-37 -47 2
-37 -45 12
-37 -43 22
-37 -41 9
-37 -39 14
-37 -37 7
-37 -35 7
-37 -33 14
-37 -31 19
-37 -29 19
-37 -27 49
-37 -25 54
-37 -23 101
-37 -21 179
-37 -19 259
-37 -17 440
-37 -15 729
-37 -13 985
-37 -11 1331
-37 -9 1662
-37 -7 2048
-37 -5 2281
-37 -3 2397
-37 -1 2419
-37 1 2484
-37 3 2420
-37 5 2323
-37 7 2052
-37 9 1788
-37 11 1335
-37 13 990
-37 15 689
-37 17 422
-37 19 302
-37 21 172
-37 23 115
-37 25 70
-37 27 40
-37 29 26
-37 31 13
-37 33 9
-37 35 11
-37 37 6
-37 39 5
-37 41 10
-37 43 19
-37 45 9
-37 47 9
-37 49 6
-37 51 1
-37 53 1
-37 55 0
-37 57 2
-37 59 1
-35 -59 2
-35 -57 1
-35 -55 3
-35 -53 1
-35 -51 2
-35 -49 2
-35 -47 4
-35 -45 10
-35 -43 4
-35 -41 10
-35 -39 4
-35 -37 9
-35 -35 10
-35 -33 24
-35 -31 24
-35 -29 50
-35 -27 85
-35 -25 129
-35 -23 235
-35 -21 375
-35 -19 566
-35 -17 861
-35 -15 1231
-35 -13 1698
-35 -11 2163
-35 -9 2534
-35 -7 2881
-35 -5 3258
-35 -3 3509
-35 -1 3420
-35 1 3659
-35 3 3486
-35 5 3144
-35 7 3045
-35 9 2630
-35 11 2157
-35 13 1657
-35 15 1218
-35 17 827
-35 19 599
-35 21 340
-35 23 228
-35 25 140
-35 27 68
-35 29 38
-35 31 23
-35 33 12
-35 35 10
-35 37 0
-35 39 6
-35 41 7
-35 43 6
-35 45 10
-35 47 3
-35 49 3
-35 51 4
-35 53 3
-35 55 4
-35 57 0
-35 59 0
-33 -59 1
-33 -57 1
-33 -55 2
-33 -53 3
-33 -51 2
-33 -49 6
-33 -47 6
-33 -45 8
-33 -43 10
-33 -41 3
-33 -39 8
-33 -37 11
-33 -35 16
-33 -33 22
-33 -31 39
-33 -29 71
-33 -27 117
-33 -25 238
-33 -23 455
-33 -21 663
-33 -19 959
-33 -17 1396
-33 -15 1938
-33 -13 2268
-33 -11 2856
-33 -9 3357
-33 -7 3852
-33 -5 4239
-33 -3 4517
-33 -1 4593
-33 1 4573
-33 3 4527
-33 5 4225
-33 7 3980
-33 9 3530
-33 11 2967
-33 13 2383
-33 15 1876
-33 17 1345
-33 19 1019
-33 21 673
-33 23 450
-33 25 279
-33 27 143
-33 29 90
-33 31 45
-33 33 12
-33 35 10
-33 37 6
-33 39 9
-33 41 2
-33 43 8
-33 45 6
-33 47 7
-33 49 3
-33 51 2
-33 53 1
-33 55 0
-33 57 0
-33 59 1
-31 -59 0
-31 -57 3
-31 -55 0
-31 -53 3
-31 -51 2
-31 -49 2
-31 -47 3
-31 -45 6
-31 -43 6
-31 -41 10
-31 -39 8
-31 -37 8
-31 -35 23
-31 -33 27
-31 -31 62
-31 -29 116
-31 -27 205
-31 -25 423
-31 -23 651
-31 -21 946
-31 -19 1486
-31 -17 2007
-31 -15 2457
-31 -13 3149
-31 -11 3829
-31 -9 4292
-31 -7 4864
-31 -5 5213
-31 -3 5448
-31 -1 5657
-31 1 5697
-31 3 5622
-31 5 5288
-31 7 4777
-31 9 4367
-31 11 3693
-31 13 2955
-31 15 2496
-31 17 1922
-31 19 1440
-31 21 1072
-31 23 696
-31 25 458
-31 27 288
-31 29 150
-31 31 74
-31 33 37
-31 35 10
-31 37 7
-31 39 7
-31 41 3
-31 43 6
-31 45 7
-31 47 3
-31 49 1
-31 51 1
-31 53 1
-31 55 1
-31 57 1
-31 59 1
-29 -59 0
-29 -57 1
-29 -55 0
-29 -53 0
-29 -51 1
-29 -49 1
-29 -47 1
-29 -45 3
-29 -43 8
-29 -41 5
-29 -39 5
-29 -37 13
-29 -35 34
-29 -33 48
-29 -31 92
-29 -29 179
-29 -27 359
-29 -25 594
-29 -23 940
-29 -21 1337
-29 -19 1824
-29 -17 2457
-29 -15 3076
-29 -13 3802
-29 -11 4537
-29 -9 5059
-29 -7 5676
-29 -5 6010
-29 -3 6422
-29 -1 6795
-29 1 6641
-29 3 6211
-29 5 6032
-29 7 5676
-29 9 4913
-29 11 4495
-29 13 3781
-29 15 3094
-29 17 2427
-29 19 1944
-29 21 1363
-29 23 974
-29 25 667
-29 27 389
-29 29 249
-29 31 98
-29 33 55
-29 35 26
-29 37 11
-29 39 5
-29 41 5
-29 43 1
-29 45 7
-29 47 2
-29 49 0
-29 51 3
-29 53 0
-29 55 2
-29 57 1
-29 59 0
-27 -59 0
-27 -57 0
-27 -55 0
-27 -53 1
-27 -51 0
-27 -49 1
-27 -47 2
-27 -45 8
-27 -43 4
-27 -41 8
-27 -39 11
-27 -37 20
-27 -35 23
-27 -33 67
-27 -31 121
-27 -29 276
-27 -27 492
-27 -25 789
-27 -23 1203
-27 -21 1696
-27 -19 2250
-27 -17 2903
-27 -15 3579
-27 -13 4304
-27 -11 5269
-27 -9 5840
-27 -7 6465
-27 -5 6832
-27 -3 7262
-27 -1 7512
-27 1 7390
-27 3 7262
-27 5 6789
-27 7 6454
-27 9 5663
-27 11 5040
-27 13 4236
-27 15 3534
-27 17 2807
-27 19 2240
-27 21 1637
-27 23 1210
-27 25 892
-27 27 541
-27 29 302
-27 31 171
-27 33 90
-27 35 35
-27 37 22
-27 39 17
-27 41 4
-27 43 8
-27 45 3
-27 47 2
-27 49 0
-27 51 0
-27 53 1
-27 55 2
-27 57 1
-27 59 0
-25 -59 0
-25 -57 1
-25 -55 1
-25 -53 1
-25 -51 2
-25 -49 2
-25 -47 3
-25 -45 6
-25 -43 4
-25 -41 8
-25 -39 7
-25 -37 14
-25 -35 47
-25 -33 76
-25 -31 188
-25 -29 344
-25 -27 584
-25 -25 910
-25 -23 1369
-25 -21 1943
-25 -19 2568
-25 -17 3217
-25 -15 4134
-25 -13 5031
-25 -11 5689
-25 -9 6386
-25 -7 7060
-25 -5 7513
-25 -3 7900
-25 -1 8073
-25 1 8143
-25 3 7980
-25 5 7493
-25 7 7006
-25 9 6200
-25 11 5578
-25 13 4697
-25 15 4000
-25 17 3199
-25 19 2543
-25 21 1944
-25 23 1484
-25 25 1074
-25 27 662
-25 29 418
-25 31 229
-25 33 100
-25 35 66
-25 37 24
-25 39 10
-25 41 7
-25 43 6
-25 45 5
-25 47 3
-25 49 0
-25 51 0
-25 53 1
-25 55 2
-25 57 1
-25 59 1
-23 -59 1
-23 -57 0
-23 -55 1
-23 -53 0
-23 -51 2
-23 -49 2
-23 -47 1
-23 -45 6
-23 -43 11
-23 -41 8
-23 -39 20
-23 -37 34
-23 -35 59
-23 -33 128
-23 -31 236
-23 -29 441
-23 -27 716
-23 -25 1110
-23 -23 1580
-23 -21 2229
-23 -19 2920
-23 -17 3705
-23 -15 4447
-23 -13 5402
-23 -11 6192
-23 -9 6963
-23 -7 7745
-23 -5 8148
-23 -3 8526
-23 -1 8751
-23 1 8836
-23 3 8622
-23 5 8124
-23 7 7614
-23 9 6721
-23 11 5947
-23 13 5160
-23 15 4312
-23 17 3600
-23 19 2917
-23 21 2216
-23 23 1640
-23 25 1193
-23 27 782
-23 29 447
-23 31 319
-23 33 143
-23 35 107
-23 37 30
-23 39 17
-23 41 8
-23 43 11
-23 45 10
-23 47 3
-23 49 0
-23 51 0
-23 53 1
-23 55 0
-23 57 1
-23 59 1
-21 -59 1
-21 -57 1
-21 -55 0
-21 -53 1
-21 -51 1
-21 -49 1
-21 -47 1
-21 -45 5
-21 -43 8
-21 -41 9
-21 -39 12
-21 -37 39
-21 -35 74
-21 -33 153
-21 -31 325
-21 -29 514
-21 -27 865
-21 -25 1289
-21 -23 1799
-21 -21 2415
-21 -19 3211
-21 -17 3896
-21 -15 4882
-21 -13 5783
-21 -11 6625
-21 -9 7772
-21 -7 8267
-21 -5 8791
-21 -3 9410
-21 -1 9367
-21 1 9236
-21 3 9175
-21 5 8640
-21 7 7967
-21 9 7368
-21 11 6458
-21 13 5579
-21 15 4818
-21 17 3900
-21 19 3033
-21 21 2365
-21 23 1836
-21 25 1361
-21 27 976
-21 29 632
-21 31 378
-21 33 211
-21 35 101
-21 37 51
-21 39 21
-21 41 12
-21 43 8
-21 45 8
-21 47 1
-21 49 2
-21 51 1
-21 53 0
-21 55 0
-21 57 0
-21 59 2
-19 -59 0
-19 -57 1
-19 -55 2
-19 -53 3
-19 -51 1
-19 -49 1
-19 -47 4
-19 -45 7
-19 -43 6
-19 -41 6
-19 -39 23
-19 -37 36
-19 -35 94
-19 -33 189
-19 -31 332
-19 -29 611
-19 -27 982
-19 -25 1455
-19 -23 2029
-19 -21 2652
-19 -19 3411
-19 -17 4314
-19 -15 5241
-19 -13 5988
-19 -11 7197
-19 -9 7884
-19 -7 8707
-19 -5 9559
-19 -3 9812
-19 -1 9916
-19 1 9850
-19 3 9840
-19 5 9153
-19 7 8722
-19 9 7803
-19 11 6936
-19 13 5894
-19 15 5108
-19 17 4286
-19 19 3387
-19 21 2610
-19 23 1997
-19 25 1495
-19 27 990
-19 29 691
-19 31 423
-19 33 255
-19 35 120
-19 37 58
-19 39 23
-19 41 6
-19 43 7
-19 45 3
-19 47 2
-19 49 4
-19 51 1
-19 53 1
-19 55 0
-19 57 0
-19 59 0
-17 -59 1
-17 -57 2
-17 -55 0
-17 -53 2
-17 -51 2
-17 -49 2
-17 -47 3
-17 -45 2
-17 -43 5
-17 -41 12
-17 -39 23
-17 -37 38
-17 -35 101
-17 -33 215
-17 -31 440
-17 -29 662
-17 -27 1123
-17 -25 1547
-17 -23 2202
-17 -21 2795
-17 -19 3617
-17 -17 4579
-17 -15 5534
-17 -13 6445
-17 -11 7506
-17 -9 8505
-17 -7 9158
-17 -5 9914
-17 -3 10200
-17 -1 10337
-17 1 10461
-17 3 10160
-17 5 9761
-17 7 9056
-17 9 8274
-17 11 7286
-17 13 6264
-17 15 5430
-17 17 4534
-17 19 3649
-17 21 2840
-17 23 2193
-17 25 1605
-17 27 1171
-17 29 782
-17 31 487
-17 33 294
-17 35 152
-17 37 89
-17 39 34
-17 41 17
-17 43 8
-17 45 3
-17 47 5
-17 49 0
-17 51 0
-17 53 2
-17 55 0
-17 57 1
-17 59 2
-15 -59 1
-15 -57 1
-15 -55 1
-15 -53 4
-15 -51 1
-15 -49 2
-15 -47 3
-15 -45 6
-15 -43 8
-15 -41 13
-15 -39 38
-15 -37 58
-15 -35 150
-15 -33 262
-15 -31 414
-15 -29 738
-15 -27 1188
-15 -25 1657
-15 -23 2294
-15 -21 3041
-15 -19 3740
-15 -17 4901
-15 -15 5857
-15 -13 6827
-15 -11 8044
-15 -9 8965
-15 -7 9755
-15 -5 10413
-15 -3 10755
-15 -1 10969
-15 1 10681
-15 3 10729
-15 5 10271
-15 7 9514
-15 9 8812
-15 11 7763
-15 13 6601
-15 15 5740
-15 17 4679
-15 19 3774
-15 21 2944
-15 23 2360
-15 25 1702
-15 27 1272
-15 29 837
-15 31 518
-15 33 341
-15 35 175
-15 37 64
-15 39 39
-15 41 13
-15 43 12
-15 45 5
-15 47 5
-15 49 0
-15 51 3
-15 53 4
-15 55 1
-15 57 2
-15 59 1
-13 -59 1
-13 -57 0
-13 -55 1
-13 -53 2
-13 -51 1
-13 -49 0
-13 -47 4
-13 -45 7
-13 -43 9
-13 -41 14
-13 -39 40
-13 -37 51
-13 -35 143
-13 -33 258
-13 -31 541
-13 -29 804
-13 -27 1283
-13 -25 1843
-13 -23 2423
-13 -21 3203
-13 -19 4058
-13 -17 5040
-13 -15 6283
-13 -13 7326
-13 -11 8249
-13 -9 9292
-13 -7 10094
-13 -5 10938
-13 -3 11294
-13 -1 11445
-13 1 11436
-13 3 11140
-13 5 10541
-13 7 9760
-13 9 9151
-13 11 8032
-13 13 7150
-13 15 6097
-13 17 5061
-13 19 4009
-13 21 3271
-13 23 2590
-13 25 1844
-13 27 1260
-13 29 875
-13 31 576
-13 33 360
-13 35 192
-13 37 102
-13 39 43
-13 41 18
-13 43 6
-13 45 2
-13 47 6
-13 49 2
-13 51 0
-13 53 0
-13 55 1
-13 57 1
-13 59 2
-11 -59 2
-11 -57 3
-11 -55 0
-11 -53 1
-11 -51 2
-11 -49 2
-11 -47 3
-11 -45 7
-11 -43 7
-11 -41 22
-11 -39 40
-11 -37 91
-11 -35 157
-11 -33 320
-11 -31 567
-11 -29 925
-11 -27 1311
-11 -25 1909
-11 -23 2559
-11 -21 3434
-11 -19 4438
-11 -17 5363
-11 -15 6567
-11 -13 7638
-11 -11 8700
-11 -9 9582
-11 -7 10540
-11 -5 11164
-11 -3 11562
-11 -1 11852
-11 1 11742
-11 3 11599
-11 5 11146
-11 7 10345
-11 9 9341
-11 11 8431
-11 13 7538
-11 15 6344
-11 17 5234
-11 19 4194
-11 21 3419
-11 23 2641
-11 25 2006
-11 27 1409
-11 29 937
-11 31 643
-11 33 359
-11 35 214
-11 37 115
-11 39 53
-11 41 20
-11 43 5
-11 45 6
-11 47 5
-11 49 3
-11 51 0
-11 53 3
-11 55 2
-11 57 3
-11 59 2
-9 -59 0
-9 -57 0
-9 -55 2
-9 -53 1
-9 -51 2
-9 -49 1
-9 -47 4
-9 -45 4
-9 -43 6
-9 -41 22
-9 -39 39
-9 -37 82
-9 -35 185
-9 -33 367
-9 -31 591
-9 -29 969
-9 -27 1502
-9 -25 2063
-9 -23 2853
-9 -21 3660
-9 -19 4567
-9 -17 5755
-9 -15 6777
-9 -13 8043
-9 -11 9176
-9 -9 10287
-9 -7 11191
-9 -5 11608
-9 -3 12123
-9 -1 12308
-9 1 12222
-9 3 12068
-9 5 11571
-9 7 10901
-9 9 9982
-9 11 8849
-9 13 7635
-9 15 6595
-9 17 5601
-9 19 4477
-9 21 3551
-9 23 2770
-9 25 2049
-9 27 1523
-9 29 1056
-9 31 662
-9 33 432
-9 35 251
-9 37 129
-9 39 48
-9 41 22
-9 43 13
-9 45 8
-9 47 4
-9 49 1
-9 51 1
-9 53 2
-9 55 1
-9 57 1
-9 59 1
-7 -59 0
-7 -57 1
-7 -55 0
-7 -53 1
-7 -51 1
-7 -49 1
-7 -47 3
-7 -45 6
-7 -43 10
-7 -41 18
-7 -39 48
-7 -37 100
-7 -35 189
-7 -33 374
-7 -31 639
-7 -29 1060
-7 -27 1564
-7 -25 2174
-7 -23 2941
-7 -21 3859
-7 -19 4911
-7 -17 6118
-7 -15 7301
-7 -13 8412
-7 -11 9641
-7 -9 10529
-7 -7 11600
-7 -5 12276
-7 -3 12599
-7 -1 12876
-7 1 12868
-7 3 12521
-7 5 11981
-7 7 11219
-7 9 10371
-7 11 9283
-7 13 8117
-7 15 6928
-7 17 5944
-7 19 4808
-7 21 3693
-7 23 2989
-7 25 2285
-7 27 1604
-7 29 1102
-7 31 706
-7 33 422
-7 35 292
-7 37 153
-7 39 60
-7 41 33
-7 43 7
-7 45 7
-7 47 4
-7 49 1
-7 51 5
-7 53 1
-7 55 2
-7 57 1
-7 59 0
-5 -59 0
-5 -57 2
-5 -55 2
-5 -53 1
-5 -51 2
-5 -49 3
-5 -47 0
-5 -45 8
-5 -43 14
-5 -41 22
-5 -39 52
-5 -37 121
-5 -35 221
-5 -33 380
-5 -31 649
-5 -29 1091
-5 -27 1547
-5 -25 2352
-5 -23 3212
-5 -21 4039
-5 -19 5259
-5 -17 6184
-5 -15 7526
-5 -13 8865
-5 -11 9881
-5 -9 11013
-5 -7 12094
-5 -5 12878
-5 -3 13149
-5 -1 13317
-5 1 13290
-5 3 13108
-5 5 12611
-5 7 11902
-5 9 10814
-5 11 9706
-5 13 8514
-5 15 7356
-5 17 6069
-5 19 4905
-5 21 4046
-5 23 3148
-5 25 2322
-5 27 1700
-5 29 1233
-5 31 724
-5 33 486
-5 35 294
-5 37 133
-5 39 83
-5 41 39
-5 43 19
-5 45 11
-5 47 2
-5 49 2
-5 51 0
-5 53 6
-5 55 0
-5 57 2
-5 59 0
-3 -59 0
-3 -57 0
-3 -55 0
-3 -53 0
-3 -51 3
-3 -49 3
-3 -47 6
-3 -45 8
-3 -43 11
-3 -41 15
-3 -39 54
-3 -37 116
-3 -35 203
-3 -33 427
-3 -31 757
-3 -29 1259
-3 -27 1750
-3 -25 2424
-3 -23 3191
-3 -21 4347
-3 -19 5262
-3 -17 6898
-3 -15 7913
-3 -13 9363
-3 -11 10435
-3 -9 11554
-3 -7 12624
-3 -5 13327
-3 -3 13799
-3 -1 14161
-3 1 13971
-3 3 13432
-3 5 12911
-3 7 12237
-3 9 11020
-3 11 10277
-3 13 8947
-3 15 7526
-3 17 6549
-3 19 5328
-3 21 4230
-3 23 3220
-3 25 2397
-3 27 1833
-3 29 1285
-3 31 822
-3 33 526
-3 35 291
-3 37 159
-3 39 82
-3 41 36
-3 43 16
-3 45 7
-3 47 7
-3 49 3
-3 51 1
-3 53 2
-3 55 0
-3 57 2
-3 59 0
-1 -59 2
-1 -57 1
-1 -55 3
-1 -53 3
-1 -51 1
-1 -49 3
-1 -47 2
-1 -45 6
-1 -43 15
-1 -41 32
-1 -39 57
-1 -37 147
-1 -35 238
-1 -33 485
-1 -31 739
-1 -29 1256
-1 -27 1899
-1 -25 2596
-1 -23 3509
-1 -21 4570
-1 -19 5772
-1 -17 6977
-1 -15 8348
-1 -13 9687
-1 -11 10963
-1 -9 12001
-1 -7 12990
-1 -5 14029
-1 -3 14346
-1 -1 14440
-1 1 14384
-1 3 14019
-1 5 13760
-1 7 12840
-1 9 11969
-1 11 10367
-1 13 9436
-1 15 8063
-1 17 6776
-1 19 5601
-1 21 4448
-1 23 3460
-1 25 2601
-1 27 1900
-1 29 1332
-1 31 867
-1 33 552
-1 35 305
-1 37 165
-1 39 87
-1 41 33
-1 43 20
-1 45 7
-1 47 8
-1 49 7
-1 51 4
-1 53 3
-1 55 2
-1 57 3
-1 59 1
1 -59 3
1 -57 1
1 -55 1
1 -53 1
1 -51 2
1 -49 3
1 -47 7
1 -45 8
1 -43 12
1 -41 33
1 -39 69
1 -37 128
1 -35 289
1 -33 542
1 -31 824
1 -29 1291
1 -27 1913
1 -25 2715
1 -23 3763
1 -21 4872
1 -19 6096
1 -17 7420
1 -15 8882
1 -13 10271
1 -11 11688
1 -9 13075
1 -7 13977
1 -5 14866
1 -3 15188
1 -1 15480
1 1 15455
1 3 15193
1 5 14407
1 7 13699
1 9 12514
1 11 11167
1 13 9825
1 15 8595
1 17 7027
1 19 5992
1 21 4843
1 23 3744
1 25 2773
1 27 1983
1 29 1452
1 31 939
1 33 584
1 35 359
1 37 187
1 39 108
1 41 42
1 43 19
1 45 7
1 47 8
1 49 2
1 51 3
1 53 1
1 55 2
1 57 1
1 59 3
3 -59 2
3 -57 2
3 -55 1
3 -53 2
3 -51 2
3 -49 7
3 -47 3
3 -45 7
3 -43 16
3 -41 41
3 -39 68
3 -37 149
3 -35 319
3 -33 554
3 -31 943
3 -29 1429
3 -27 2146
3 -25 2978
3 -23 3992
3 -21 5134
3 -19 6419
3 -17 7906
3 -15 9374
3 -13 11132
3 -11 12635
3 -9 13637
3 -7 14782
3 -5 15404
3 -3 15921
3 -1 16278
3 1 16249
3 3 15779
3 5 15127
3 7 14322
3 9 13393
3 11 11911
3 13 10610
3 15 9124
3 17 7802
3 19 6347
3 21 4985
3 23 3921
3 25 3004
3 27 2173
3 29 1491
3 31 1024
3 33 629
3 35 400
3 37 218
3 39 119
3 41 53
3 43 29
3 45 15
3 47 7
3 49 6
3 51 4
3 53 2
3 55 2
3 57 1
3 59 0
5 -59 1
5 -57 3
5 -55 1
5 -53 5
5 -51 0
5 -49 1
5 -47 3
5 -45 10
5 -43 15
5 -41 40
5 -39 65
5 -37 173
5 -35 326
5 -33 574
5 -31 1013
5 -29 1564
5 -27 2216
5 -25 3304
5 -23 4343
5 -21 5497
5 -19 6926
5 -17 8401
5 -15 10038
5 -13 11700
5 -11 13427
5 -9 14493
5 -7 15597
5 -5 16534
5 -3 17038
5 -1 17167
5 1 17144
5 3 16782
5 5 15959
5 7 15349
5 9 14181
5 11 12652
5 13 11141
5 15 9900
5 17 8319
5 19 6805
5 21 5483
5 23 4158
5 25 3129
5 27 2220
5 29 1691
5 31 1028
5 33 704
5 35 431
5 37 246
5 39 114
5 41 60
5 43 22
5 45 15
5 47 10
5 49 3
5 51 2
5 53 2
5 55 2
5 57 0
5 59 1
7 -59 1
7 -57 5
7 -55 0
7 -53 1
7 -51 4
7 -49 6
7 -47 3
7 -45 10
7 -43 18
7 -41 38
7 -39 84
7 -37 164
7 -35 339
7 -33 627
7 -31 1015
7 -29 1721
7 -27 2504
7 -25 3496
7 -23 4606
7 -21 6013
7 -19 7587
7 -17 9090
7 -15 10651
7 -13 12318
7 -11 13849
7 -9 15573
7 -7 17088
7 -5 17797
7 -3 18232
7 -1 18809
7 1 18374
7 3 17806
7 5 17354
7 7 16319
7 9 15060
7 11 13556
7 13 11882
7 15 10602
7 17 8796
7 19 7171
7 21 5787
7 23 4430
7 25 3460
7 27 2515
7 29 1796
7 31 1215
7 33 765
7 35 396
7 37 262
7 39 113
7 41 56
7 43 24
7 45 18
7 47 9
7 49 6
7 51 3
7 53 2
7 55 4
7 57 2
7 59 0
9 -59 0
9 -57 3
9 -55 2
9 -53 1
9 -51 6
9 -49 5
9 -47 4
9 -45 10
9 -43 20
9 -41 36
9 -39 85
9 -37 176
9 -35 381
9 -33 657
9 -31 1152
9 -29 1838
9 -27 2733
9 -25 3685
9 -23 4871
9 -21 6468
9 -19 8086
9 -17 9834
9 -15 11724
9 -13 13355
9 -11 15247
9 -9 16647
9 -7 18054
9 -5 19152
9 -3 19541
9 -1 20087
9 1 19776
9 3 19367
9 5 18540
9 7 17647
9 9 16332
9 11 14810
9 13 12628
9 15 11107
9 17 9436
9 19 7836
9 21 6371
9 23 4891
9 25 3745
9 27 2777
9 29 1993
9 31 1265
9 33 791
9 35 471
9 37 262
9 39 143
9 41 68
9 43 32
9 45 18
9 47 10
9 49 6
9 51 2
9 53 1
9 55 1
9 57 3
9 59 2
11 -59 0
11 -57 4
11 -55 4
11 -53 7
11 -51 3
11 -49 4
11 -47 9
11 -45 13
11 -43 20
11 -41 41
11 -39 62
11 -37 202
11 -35 416
11 -33 782
11 -31 1248
11 -29 2006
11 -27 2928
11 -25 4059
11 -23 5286
11 -21 7013
11 -19 8614
11 -17 10734
11 -15 12536
11 -13 14583
11 -11 16322
11 -9 17952
11 -7 19374
11 -5 20227
11 -3 21095
11 -1 21263
11 1 21199
11 3 20828
11 5 19831
11 7 18541
11 9 17233
11 11 15693
11 13 13883
11 15 12151
11 17 10078
11 19 8544
11 21 6958
11 23 5309
11 25 4025
11 27 3009
11 29 2111
11 31 1395
11 33 844
11 35 513
11 37 273
11 39 130
11 41 86
11 43 35
11 45 21
11 47 10
11 49 6
11 51 3
11 53 5
11 55 2
11 57 0
11 59 0
13 -59 3
13 -57 1
13 -55 2
13 -53 5
13 -51 4
13 -49 2
13 -47 9
13 -45 10
13 -43 22
13 -41 43
13 -39 103
13 -37 193
13 -35 435
13 -33 780
13 -31 1309
13 -29 2070
13 -27 3107
13 -25 4384
13 -23 5778
13 -21 7459
13 -19 9336
13 -17 11441
13 -15 13177
13 -13 15405
13 -11 17587
13 -9 19233
13 -7 20822
13 -5 21648
13 -3 22260
13 -1 22514
13 1 22833
13 3 22061
13 5 21186
13 7 20016
13 9 18501
13 11 16678
13 13 14755
13 15 12920
13 17 10752
13 19 9115
13 21 7335
13 23 5738
13 25 4405
13 27 3116
13 29 2196
13 31 1428
13 33 943
13 35 562
13 37 303
13 39 169
13 41 87
13 43 30
13 45 17
13 47 10
13 49 7
13 51 9
13 53 3
13 55 0
13 57 2
13 59 0
15 -59 1
15 -57 1
15 -55 2
15 -53 3
15 -51 1
15 -49 4
15 -47 9
15 -45 15
15 -43 24
15 -41 59
15 -39 119
15 -37 240
15 -35 456
15 -33 806
15 -31 1428
15 -29 2283
15 -27 3217
15 -25 4601
15 -23 5932
15 -21 7995
15 -19 9765
15 -17 11770
15 -15 14148
15 -13 16223
15 -11 18372
15 -9 20138
15 -7 21694
15 -5 22808
15 -3 23420
15 -1 23915
15 1 23367
15 3 22956
15 5 22327
15 7 21014
15 9 19657
15 11 17528
15 13 15657
15 15 13540
15 17 11664
15 19 9316
15 21 7672
15 23 5868
15 25 4579
15 27 3272
15 29 2355
15 31 1662
15 33 987
15 35 570
15 37 294
15 39 171
15 41 84
15 43 36
15 45 15
15 47 11
15 49 6
15 51 5
15 53 1
15 55 4
15 57 5
15 59 2
17 -59 1
17 -57 2
17 -55 1
17 -53 4
17 -51 5
17 -49 3
17 -47 6
17 -45 12
17 -43 32
17 -41 41
17 -39 112
17 -37 198
17 -35 421
17 -33 810
17 -31 1470
17 -29 2198
17 -27 3456
17 -25 4551
17 -23 6299
17 -21 8084
17 -19 10107
17 -17 12255
17 -15 14556
17 -13 16542
17 -11 18939
17 -9 20817
17 -7 22337
17 -5 23726
17 -3 23901
17 -1 24328
17 1 24588
17 3 23772
17 5 22836
17 7 21539
17 9 19905
17 11 18164
17 13 16147
17 15 14026
17 17 11853
17 19 9878
17 21 7906
17 23 6180
17 25 4808
17 27 3553
17 29 2450
17 31 1580
17 33 1058
17 35 629
17 37 336
17 39 164
17 41 87
17 43 25
17 45 14
17 47 8
17 49 7
17 51 5
17 53 2
17 55 3
17 57 2
17 59 1
19 -59 3
19 -57 6
19 -55 1
19 -53 3
19 -51 3
19 -49 6
19 -47 4
19 -45 15
19 -43 23
19 -41 51
19 -39 112
19 -37 203
19 -35 483
19 -33 824
19 -31 1458
19 -29 2268
19 -27 3367
19 -25 4778
19 -23 6376
19 -21 7973
19 -19 10239
19 -17 12529
19 -15 14344
19 -13 16758
19 -11 18965
19 -9 20924
19 -7 22342
19 -5 23396
19 -3 24127
19 -1 24784
19 1 24237
19 3 24111
19 5 22963
19 7 21786
19 9 20245
19 11 18301
19 13 16099
19 15 13833
19 17 11866
19 19 10059
19 21 8030
19 23 6272
19 25 4759
19 27 3506
19 29 2560
19 31 1614
19 33 1052
19 35 583
19 37 334
19 39 158
19 41 76
19 43 37
19 45 21
19 47 8
19 49 11
19 51 5
19 53 6
19 55 3
19 57 3
19 59 6
21 -59 0
21 -57 3
21 -55 1
21 -53 2
21 -51 5
21 -49 2
21 -47 10
21 -45 13
21 -43 22
21 -41 45
21 -39 85
21 -37 199
21 -35 401
21 -33 768
21 -31 1488
21 -29 2228
21 -27 3219
21 -25 4497
21 -23 5959
21 -21 7718
21 -19 9708
21 -17 11689
21 -15 14015
21 -13 16252
21 -11 18413
21 -9 20096
21 -7 21767
21 -5 22757
21 -3 23273
21 -1 23912
21 1 23905
21 3 23159
21 5 22186
21 7 20949
21 9 19595
21 11 17520
21 13 15810
21 15 13704
21 17 11598
21 19 9618
21 21 7725
21 23 5996
21 25 4534
21 27 3402
21 29 2401
21 31 1595
21 33 1002
21 35 590
21 37 306
21 39 152
21 41 68
21 43 42
21 45 15
21 47 12
21 49 11
21 51 10
21 53 2
21 55 4
21 57 4
21 59 3
23 -59 0
23 -57 2
23 -55 1
23 -53 5
23 -51 5
23 -49 4
23 -47 7
23 -45 15
23 -43 21
23 -41 30
23 -39 92
23 -37 150
23 -35 396
23 -33 727
23 -31 1270
23 -29 2016
23 -27 2954
23 -25 4166
23 -23 5599
23 -21 7095
23 -19 9011
23 -17 10953
23 -15 13115
23 -13 15194
23 -11 16861
23 -9 18584
23 -7 20357
23 -5 21096
23 -3 21967
23 -1 22199
23 1 22308
23 3 21460
23 5 20999
23 7 19751
23 9 18198
23 11 16721
23 13 14554
23 15 12776
23 17 10768
23 19 8777
23 21 7145
23 23 5630
23 25 4180
23 27 3154
23 29 2213
23 31 1374
23 33 938
23 35 484
23 37 246
23 39 133
23 41 54
23 43 25
23 45 19
23 47 7
23 49 6
23 51 4
23 53 2
23 55 3
23 57 4
23 59 2
25 -59 0
25 -57 1
25 -55 3
25 -53 4
25 -51 2
25 -49 3
25 -47 5
25 -45 6
25 -43 17
25 -41 36
25 -39 65
25 -37 142
25 -35 276
25 -33 602
25 -31 1036
25 -29 1664
25 -27 2627
25 -25 3677
25 -23 4887
25 -21 6457
25 -19 7947
25 -17 9607
25 -15 11654
25 -13 13432
25 -11 15309
25 -9 16872
25 -7 18116
25 -5 19083
25 -3 19628
25 -1 20166
25 1 20209
25 3 19645
25 5 18986
25 7 17877
25 9 16359
25 11 14777
25 13 13060
25 15 11189
25 17 9523
25 19 7928
25 21 6447
25 23 5056
25 25 3773
25 27 2800
25 29 1915
25 31 1301
25 33 756
25 35 424
25 37 218
25 39 98
25 41 46
25 43 40
25 45 18
25 47 6
25 49 4
25 51 3
25 53 2
25 55 2
25 57 0
25 59 2
27 -59 0
27 -57 2
27 -55 1
27 -53 1
27 -51 1
27 -49 7
27 -47 4
27 -45 6
27 -43 16
27 -41 23
27 -39 50
27 -37 99
27 -35 238
27 -33 465
27 -31 849
27 -29 1402
27 -27 2157
27 -25 3019
27 -23 4160
27 -21 5323
27 -19 6800
27 -17 8339
27 -15 9938
27 -13 11638
27 -11 13298
27 -9 14386
27 -7 15363
27 -5 16381
27 -3 16962
27 -1 17504
27 1 17538
27 3 16852
27 5 16087
27 7 15313
27 9 14338
27 11 12868
27 13 11308
27 15 9571
27 17 8348
27 19 6844
27 21 5388
27 23 4225
27 25 3235
27 27 2297
27 29 1507
27 31 1015
27 33 631
27 35 331
27 37 139
27 39 83
27 41 54
27 43 28
27 45 17
27 47 8
27 49 5
27 51 4
27 53 2
27 55 2
27 57 0
27 59 4
29 -59 2
29 -57 3
29 -55 2
29 -53 2
29 -51 3
29 -49 7
29 -47 3
29 -45 4
29 -43 13
29 -41 19
29 -39 34
29 -37 83
29 -35 164
29 -33 352
29 -31 597
29 -29 1038
29 -27 1574
29 -25 2330
29 -23 3295
29 -21 4229
29 -19 5599
29 -17 6968
29 -15 8219
29 -13 9599
29 -11 10713
29 -9 11940
29 -7 13102
29 -5 13954
29 -3 14401
29 -1 14632
29 1 14492
29 3 14164
29 5 13558
29 7 12873
29 9 11835
29 11 10733
29 13 9676
29 15 8164
29 17 6697
29 19 5600
29 21 4415
29 23 3480
29 25 2626
29 27 1831
29 29 1261
29 31 760
29 33 444
29 35 255
29 37 120
29 39 61
29 41 36
29 43 18
29 45 11
29 47 8
29 49 5
29 51 3
29 53 3
29 55 0
29 57 1
29 59 1
31 -59 1
31 -57 1
31 -55 2
31 -53 1
31 -51 1
31 -49 3
31 -47 5
31 -45 6
31 -43 5
31 -41 23
31 -39 30
31 -37 68
31 -35 100
31 -33 224
31 -31 410
31 -29 702
31 -27 1168
31 -25 1813
31 -23 2591
31 -21 3318
31 -19 4344
31 -17 5453
31 -15 6603
31 -13 7775
31 -11 8794
31 -9 9851
31 -7 10535
31 -5 11164
31 -3 11483
31 -1 11811
31 1 11658
31 3 11580
31 5 10899
31 7 10493
31 9 9338
31 11 8717
31 13 7506
31 15 6405
31 17 5525
31 19 4546
31 21 3617
31 23 2747
31 25 1903
31 27 1389
31 29 892
31 31 563
31 33 318
31 35 168
31 37 82
31 39 59
31 41 34
31 43 15
31 45 8
31 47 6
31 49 6
31 51 2
31 53 6
31 55 2
31 57 1
31 59 3
33 -59 0
33 -57 0
33 -55 0
33 -53 1
33 -51 5
33 -49 5
33 -47 5
33 -45 7
33 -43 6
33 -41 16
33 -39 27
33 -37 35
33 -35 73
33 -33 128
33 -31 289
33 -29 493
33 -27 775
33 -25 1210
33 -23 1756
33 -21 2471
33 -19 3342
33 -17 4048
33 -15 5105
33 -13 6051
33 -11 6724
33 -9 7546
33 -7 8271
33 -5 8681
33 -3 9086
33 -1 9283
33 1 9151
33 3 9093
33 5 8744
33 7 8444
33 9 7583
33 11 6660
33 13 5795
33 15 4991
33 17 4243
33 19 3285
33 21 2623
33 23 1904
33 25 1381
33 27 991
33 29 644
33 31 351
33 33 225
33 35 114
33 37 63
33 39 46
33 41 16
33 43 10
33 45 7
33 47 6
33 49 4
33 51 1
33 53 4
33 55 0
33 57 0
33 59 0
35 -59 1
35 -57 2
35 -55 0
35 -53 0
35 -51 4
35 -49 0
35 -47 3
35 -45 6
35 -43 2
35 -41 12
35 -39 13
35 -37 34
35 -35 53
35 -33 90
35 -31 169
35 -29 283
35 -27 516
35 -25 813
35 -23 1250
35 -21 1777
35 -19 2304
35 -17 3036
35 -15 3611
35 -13 4428
35 -11 5241
35 -9 5791
35 -7 6439
35 -5 6757
35 -3 6963
35 -1 7066
35 1 7223
35 3 6833
35 5 6589
35 7 6323
35 9 5575
35 11 5060
35 13 4355
35 15 3715
35 17 2986
35 19 2378
35 21 1864
35 23 1454
35 25 977
35 27 665
35 29 404
35 31 270
35 33 138
35 35 74
35 37 52
35 39 22
35 41 13
35 43 7
35 45 6
35 47 3
35 49 5
35 51 2
35 53 1
35 55 4
35 57 1
35 59 1
37 -59 0
37 -57 0
37 -55 2
37 -53 1
37 -51 1
37 -49 3
37 -47 0
37 -45 5
37 -43 5
37 -41 7
37 -39 14
37 -37 15
37 -35 45
37 -33 55
37 -31 97
37 -29 194
37 -27 308
37 -25 495
37 -23 817
37 -21 1133
37 -19 1546
37 -17 2044
37 -15 2562
37 -13 3096
37 -11 3663
37 -9 4069
37 -7 4593
37 -5 4892
37 -3 5090
37 -1 5090
37 1 5160
37 3 5116
37 5 4864
37 7 4616
37 9 4086
37 11 3626
37 13 3038
37 15 2608
37 17 2171
37 19 1656
37 21 1214
37 23 908
37 25 643
37 27 418
37 29 215
37 31 150
37 33 87
37 35 47
37 37 35
37 39 14
37 41 15
37 43 6
37 45 5
37 47 3
37 49 1
37 51 5
37 53 0
37 55 3
37 57 1
37 59 1
39 -59 1
39 -57 0
39 -55 1
39 -53 2
39 -51 0
39 -49 1
39 -47 1
39 -45 6
39 -43 3
39 -41 6
39 -39 10
39 -37 7
39 -35 22
39 -33 44
39 -31 69
39 -29 122
39 -27 206
39 -25 302
39 -23 449
39 -21 668
39 -19 934
39 -17 1298
39 -15 1674
39 -13 2036
39 -11 2462
39 -9 2895
39 -7 3157
39 -5 3382
39 -3 3554
39 -1 3511
39 1 3728
39 3 3506
39 5 3369
39 7 3046
39 9 2779
39 11 2419
39 13 2026
39 15 1678
39 17 1358
39 19 1093
39 21 753
39 23 558
39 25 360
39 27 230
39 29 155
39 31 110
39 33 63
39 35 34
39 37 23
39 39 11
39 41 7
39 43 5
39 45 7
39 47 2
39 49 2
39 51 2
39 53 0
39 55 1
39 57 0
39 59 2
41 -59 0
41 -57 1
41 -55 0
41 -53 2
41 -51 1
41 -49 1
41 -47 2
41 -45 4
41 -43 4
41 -41 5
41 -39 10
41 -37 11
41 -35 15
41 -33 25
41 -31 30
41 -29 65
41 -27 92
41 -25 178
41 -23 235
41 -21 345
41 -19 536
41 -17 817
41 -15 1029
41 -13 1241
41 -11 1493
41 -9 1686
41 -7 1983
41 -5 2153
41 -3 2191
41 -1 2225
41 1 2312
41 3 2261
41 5 2144
41 7 1986
41 9 1776
41 11 1485
41 13 1342
41 15 984
41 17 807
41 19 659
41 21 433
41 23 311
41 25 196
41 27 136
41 29 88
41 31 56
41 33 39
41 35 24
41 37 26
41 39 12
41 41 11
41 43 10
41 45 2
41 47 4
41 49 1
41 51 1
41 53 0
41 55 0
41 57 0
41 59 0
43 -59 1
43 -57 1
43 -55 1
43 -53 0
43 -51 0
43 -49 2
43 -47 5
43 -45 1
43 -43 7
43 -41 3
43 -39 2
43 -37 9
43 -35 11
43 -33 15
43 -31 25
43 -29 45
43 -27 57
43 -25 101
43 -23 129
43 -21 206
43 -19 273
43 -17 459
43 -15 495
43 -13 674
43 -11 827
43 -9 1019
43 -7 1090
43 -5 1226
43 -3 1390
43 -1 1370
43 1 1412
43 3 1303
43 5 1328
43 7 1132
43 9 1001
43 11 880
43 13 708
43 15 593
43 17 445
43 19 364
43 21 221
43 23 170
43 25 118
43 27 79
43 29 67
43 31 37
43 33 18
43 35 21
43 37 12
43 39 10
43 41 6
43 43 3
43 45 7
43 47 3
43 49 2
43 51 2
43 53 0
43 55 0
43 57 0
43 59 0
45 -59 0
45 -57 0
45 -55 0
45 -53 1
45 -51 1
45 -49 2
45 -47 0
45 -45 0
45 -43 0
45 -41 5
45 -39 1
45 -37 6
45 -35 2
45 -33 7
45 -31 10
45 -29 23
45 -27 36
45 -25 41
45 -23 77
45 -21 107
45 -19 153
45 -17 218
45 -15 280
45 -13 370
45 -11 424
45 -9 534
45 -7 577
45 -5 659
45 -3 693
45 -1 703
45 1 754
45 3 677
45 5 635
45 7 575
45 9 518
45 11 497
45 13 375
45 15 288
45 17 213
45 19 158
45 21 115
45 23 98
45 25 61
45 27 45
45 29 31
45 31 23
45 33 16
45 35 10
45 37 10
45 39 6
45 41 3
45 43 3
45 45 2
45 47 2
45 49 1
45 51 1
45 53 4
45 55 0
45 57 2
45 59 0
47 -59 0
47 -57 0
47 -55 0
47 -53 0
47 -51 0
47 -49 0
47 -47 0
47 -45 1
47 -43 0
47 -41 2
47 -39 4
47 -37 5
47 -35 4
47 -33 8
47 -31 5
47 -29 17
47 -27 22
47 -25 31
47 -23 39
47 -21 58
47 -19 83
47 -17 98
47 -15 142
47 -13 177
47 -11 225
47 -9 229
47 -7 310
47 -5 352
47 -3 353
47 -1 334
47 1 349
47 3 397
47 5 330
47 7 302
47 9 270
47 11 215
47 13 180
47 15 134
47 17 107
47 19 98
47 21 66
47 23 54
47 25 49
47 27 41
47 29 31
47 31 7
47 33 10
47 35 12
47 37 8
47 39 5
47 41 3
47 43 3
47 45 2
47 47 0
47 49 0
47 51 0
47 53 0
47 55 0
47 57 1
47 59 0
49 -59 0
49 -57 0
49 -55 0
49 -53 0
49 -51 0
49 -49 0
49 -47 0
49 -45 1
49 -43 7
49 -41 1
49 -39 1
49 -37 2
49 -35 4
49 -33 4
49 -31 5
49 -29 11
49 -27 13
49 -25 19
49 -23 23
49 -21 31
49 -19 40
49 -17 49
49 -15 69
49 -13 94
49 -11 113
49 -9 118
49 -7 135
49 -5 170
49 -3 177
49 -1 158
49 1 166
49 3 152
49 5 153
49 7 149
49 9 118
49 11 116
49 13 112
49 15 78
49 17 69
49 19 50
49 21 39
49 23 28
49 25 20
49 27 15
49 29 10
49 31 9
49 33 9
49 35 4
49 37 3
49 39 2
49 41 4
49 43 2
49 45 2
49 47 0
49 49 0
49 51 0
49 53 0
49 55 0
49 57 0
49 59 0
51 -59 0
51 -57 0
51 -55 0
51 -53 0
51 -51 0
51 -49 0
51 -47 0
51 -45 0
51 -43 0
51 -41 2
51 -39 2
51 -37 3
51 -35 2
51 -33 0
51 -31 5
51 -29 5
51 -27 9
51 -25 9
51 -23 14
51 -21 18
51 -19 15
51 -17 22
51 -15 35
51 -13 47
51 -11 47
51 -9 61
51 -7 75
51 -5 64
51 -3 77
51 -1 76
51 1 96
51 3 80
51 5 68
51 7 77
51 9 69
51 11 51
51 13 61
51 15 47
51 17 34
51 19 24
51 21 22
51 23 15
51 25 12
51 27 10
51 29 9
51 31 9
51 33 3
51 35 7
51 37 2
51 39 3
51 41 1
51 43 3
51 45 2
51 47 0
51 49 0
51 51 0
51 53 0
51 55 0
51 57 0
51 59 0
53 -59 0
53 -57 0
53 -55 0
53 -53 0
53 -51 0
53 -49 0
53 -47 1
53 -45 4
53 -43 1
53 -41 2
53 -39 2
53 -37 0
53 -35 1
53 -33 2
53 -31 5
53 -29 5
53 -27 9
53 -25 8
53 -23 13
53 -21 13
53 -19 19
53 -17 15
53 -15 13
53 -13 22
53 -11 24
53 -9 21
53 -7 27
53 -5 32
53 -3 42
53 -1 40
53 1 39
53 3 36
53 5 51
53 7 38
53 9 34
53 11 36
53 13 22
53 15 23
53 17 22
53 19 16
53 21 9
53 23 13
53 25 13
53 27 5
53 29 4
53 31 1
53 33 5
53 35 5
53 37 2
53 39 2
53 41 1
53 43 1
53 45 0
53 47 2
53 49 0
53 51 0
53 53 0
53 55 0
53 57 0
53 59 0
55 -59 0
55 -57 0
55 -55 0
55 -53 0
55 -51 0
55 -49 1
55 -47 0
55 -45 0
55 -43 1
55 -41 2
55 -39 1
55 -37 0
55 -35 1
55 -33 4
55 -31 1
55 -29 2
55 -27 4
55 -25 7
55 -23 6
55 -21 7
55 -19 9
55 -17 10
55 -15 11
55 -13 12
55 -11 17
55 -9 14
55 -7 16
55 -5 16
55 -3 24
55 -1 15
55 1 16
55 3 22
55 5 23
55 7 11
55 9 20
55 11 15
55 13 11
55 15 9
55 17 15
55 19 9
55 21 9
55 23 6
55 25 6
55 27 3
55 29 5
55 31 4
55 33 1
55 35 3
55 37 3
55 39 3
55 41 0
55 43 1
55 45 0
55 47 1
55 49 1
55 51 0
55 53 0
55 55 0
55 57 0
55 59 0
57 -59 0
57 -57 0
57 -55 0
57 -53 0
57 -51 0
57 -49 0
57 -47 0
57 -45 0
57 -43 0
57 -41 1
57 -39 0
57 -37 2
57 -35 1
57 -33 2
57 -31 0
57 -29 2
57 -27 2
57 -25 4
57 -23 3
57 -21 3
57 -19 5
57 -17 4
57 -15 5
57 -13 8
57 -11 7
57 -9 13
57 -7 11
57 -5 11
57 -3 14
57 -1 10
57 1 10
57 3 12
57 5 10
57 7 5
57 9 7
57 11 9
57 13 4
57 15 16
57 17 4
57 19 7
57 21 7
57 23 7
57 25 2
57 27 1
57 29 2
57 31 2
57 33 1
57 35 2
57 37 0
57 39 0
57 41 1
57 43 0
57 45 0
57 47 1
57 49 1
57 51 0
57 53 0
57 55 0
57 57 0
57 59 0
59 -59 0
59 -57 0
59 -55 0
59 -53 0
59 -51 0
59 -49 0
59 -47 0
59 -45 1
59 -43 1
59 -41 0
59 -39 0
59 -37 1
59 -35 1
59 -33 0
59 -31 0
59 -29 2
59 -27 0
59 -25 3
59 -23 3
59 -21 2
59 -19 2
59 -17 5
59 -15 8
59 -13 4
59 -11 4
59 -9 5
59 -7 8
59 -5 7
59 -3 11
59 -1 8
59 1 7
59 3 4
59 5 12
59 7 6
59 9 5
59 11 13
59 13 2
59 15 5
59 17 6
59 19 4
59 21 2
59 23 8
59 25 4
59 27 0
59 29 2
59 31 4
59 33 2
59 35 0
59 37 0
59 39 1
59 41 0
59 43 1
59 45 1
59 47 1
59 49 0
59 51 0
59 53 0
59 55 0
59 57 0
59 59 0